last-generated=2024-07-24
statistics-initialization=
{
  "nonlinear": "7",
  "numerical Jacobians": "0"
}
statistics-simulation=
{
  "linear": "0, 0, 0, 0, 0, 0, 0, 0, 0, 4, 0, 0",
  "nonlinear": "1",
  "number of continuous time states": "28",
  "numerical Jacobians": "0"
}
time=[1e+07, 1.1e+07]
zone.TSensor=[2.931499938964844e+02, 2.929752502441406e+02, 2.926871032714844e+02, 2.923695373535156e+02, 2.920473937988281e+02, 2.9174755859375e+02, 2.918172912597656e+02, 2.922720947265625e+02, 2.922337036132812e+02, 2.919525451660156e+02, 2.916928100585938e+02, 2.913747863769531e+02, 2.910322570800781e+02, 2.906657409667969e+02, 2.903962097167969e+02, 2.9048583984375e+02, 2.906976623535156e+02, 2.907335815429688e+02, 2.9059619140625e+02, 2.903802795410156e+02, 2.900466613769531e+02, 2.896636962890625e+02, 2.893318481445312e+02, 2.894806823730469e+02, 2.901960754394531e+02, 2.903707580566406e+02, 2.903645629882812e+02, 2.902180480957031e+02, 2.899932556152344e+02, 2.897459106445312e+02, 2.895115051269531e+02, 2.893404541015625e+02, 2.893326721191406e+02, 2.895015869140625e+02, 2.897367553710938e+02, 2.896871032714844e+02, 2.894817504882812e+02, 2.891696472167969e+02, 2.888240051269531e+02, 2.885122680664062e+02, 2.884641418457031e+02, 2.88937255859375e+02, 2.893892211914062e+02, 2.892919311523438e+02, 2.890404663085938e+02, 2.887705383300781e+02, 2.884454956054688e+02, 2.880935974121094e+02, 2.878172912597656e+02, 2.880379943847656e+02, 2.8870556640625e+02, 2.891486206054688e+02, 2.890910034179688e+02, 2.889577331542969e+02, 2.887139587402344e+02, 2.883502807617188e+02, 2.879584045410156e+02, 2.878527221679688e+02, 2.88636474609375e+02, 2.894283752441406e+02, 2.89728759765625e+02, 2.896711730957031e+02, 2.895362243652344e+02, 2.893591613769531e+02, 2.891381225585938e+02, 2.889061584472656e+02, 2.890496520996094e+02, 2.897552795410156e+02, 2.902629699707031e+02, 2.902698669433594e+02, 2.90089111328125e+02, 2.89798828125e+02, 2.894190979003906e+02, 2.890225830078125e+02, 2.887644958496094e+02, 2.892611389160156e+02, 2.900413818359375e+02, 2.903117065429688e+02, 2.903548889160156e+02, 2.902164611816406e+02, 2.899584350585938e+02, 2.896717529296875e+02, 2.893323059082031e+02, 2.893337707519531e+02, 2.901256408691406e+02, 2.90926025390625e+02, 2.912391662597656e+02, 2.912266540527344e+02, 2.911612854003906e+02, 2.909245910644531e+02, 2.906773986816406e+02, 2.904787292480469e+02, 2.908217468261719e+02, 2.918283996582031e+02, 2.925700988769531e+02, 2.927418212890625e+02, 2.927798156738281e+02, 2.926192321777344e+02, 2.924303894042969e+02, 2.922584533691406e+02, 2.922216186523438e+02]
