last-generated=2024-07-24
statistics-simulation=
{
  "linear": " ",
  "nonlinear": " ",
  "number of continuous time states": "4",
  "numerical Jacobians": "0"
}
time=[0e+00, 1.728e+05]
vol.T=[2.931499938964844e+02, 2.925135803222656e+02, 2.926092834472656e+02, 2.927705383300781e+02, 2.929947814941406e+02, 2.932784729003906e+02, 2.936171569824219e+02, 2.940054626464844e+02, 2.944373168945312e+02, 2.949058532714844e+02, 2.954037170410156e+02, 2.959230651855469e+02, 2.964556579589844e+02, 2.969931335449219e+02, 2.975270080566406e+02, 2.980488891601562e+02, 2.981504211425781e+02, 2.98150390625e+02, 2.981503601074219e+02, 2.981503295898438e+02, 2.981502990722656e+02, 2.981502685546875e+02, 2.981502380371094e+02, 2.981501770019531e+02, 2.981501159667969e+02, 2.981499938964844e+02, 2.9814990234375e+02, 2.981498413085938e+02, 2.981497802734375e+02, 2.981497192382812e+02, 2.981496887207031e+02, 2.981496887207031e+02, 2.98149658203125e+02, 2.981496276855469e+02, 2.981495971679688e+02, 2.981183471679688e+02, 2.97606689453125e+02, 2.970740661621094e+02, 2.965365905761719e+02, 2.960027160644531e+02, 2.954808349609375e+02, 2.94979248046875e+02, 2.945057983398438e+02, 2.940679626464844e+02, 2.936726684570312e+02, 2.933261413574219e+02, 2.930338439941406e+02, 2.928003845214844e+02, 2.926294555664062e+02, 2.925237426757812e+02, 2.924849243164062e+02, 2.925135803222656e+02, 2.926092834472656e+02, 2.927705383300781e+02, 2.929947814941406e+02, 2.932784729003906e+02, 2.936171569824219e+02, 2.940054626464844e+02, 2.944373168945312e+02, 2.949058532714844e+02, 2.954037170410156e+02, 2.959230651855469e+02, 2.964556579589844e+02, 2.969931335449219e+02, 2.975270080566406e+02, 2.980488891601562e+02, 2.981504211425781e+02, 2.98150390625e+02, 2.981503601074219e+02, 2.981503295898438e+02, 2.981502990722656e+02, 2.981502685546875e+02, 2.981502380371094e+02, 2.981501770019531e+02, 2.981501159667969e+02, 2.981499938964844e+02, 2.9814990234375e+02, 2.981498413085938e+02, 2.981497802734375e+02, 2.981497192382812e+02, 2.981496887207031e+02, 2.981496887207031e+02, 2.98149658203125e+02, 2.981496276855469e+02, 2.981495971679688e+02, 2.981183166503906e+02, 2.97606689453125e+02, 2.970740661621094e+02, 2.965365905761719e+02, 2.960027160644531e+02, 2.954808349609375e+02, 2.94979248046875e+02, 2.945057983398438e+02, 2.940679626464844e+02, 2.936726684570312e+02, 2.933261413574219e+02, 2.930338439941406e+02, 2.928003845214844e+02, 2.926294555664062e+02, 2.925237426757812e+02, 2.924849243164062e+02]
beaCoo.heaToRoo.Q_flow=[-0e+00, -0e+00, -0e+00, -0e+00, -0e+00, -0e+00, -0e+00, 0e+00, -0e+00, -0e+00, -0e+00, -0e+00, -0e+00, -0e+00, 0e+00, -0e+00, -1.22494514465332e+02, -2.545619659423831e+02, -3.764867248535156e+02, -4.863475646972656e+02, -5.824131469726562e+02, -6.631689453125e+02, -7.273439331054688e+02, -7.739161376953125e+02, -8.021845092773438e+02, -8.116753540039062e+02, -8.022413330078125e+02, -7.7402392578125e+02, -7.274780273437498e+02, -6.633078002929688e+02, -5.825809936523438e+02, -4.865416259765625e+02, -3.766824951171875e+02, -2.547711334228516e+02, -1.227282257080072e+02, -2.344791028008331e-13, -0e+00, -0e+00, -0e+00, -0e+00, -0e+00, -0e+00, -0e+00, -0e+00, -0e+00, -0e+00, -0e+00, -0e+00, -0e+00, -0e+00, -0e+00, -0e+00, -0e+00, -0e+00, -0e+00, 0e+00, 0e+00, 0e+00, -0e+00, -0e+00, -0e+00, -0e+00, -0e+00, -0e+00, -0e+00, -0e+00, -1.224945449829102e+02, -2.545628051757812e+02, -3.764867553710947e+02, -4.863475341796866e+02, -5.824127197265617e+02, -6.631708374023438e+02, -7.2735205078125e+02, -7.73937744140625e+02, -8.021848754882812e+02, -8.116731567382812e+02, -8.022467041015625e+02, -7.740242309570312e+02, -7.274750366210938e+02, -6.63322021484375e+02, -5.825816040039062e+02, -4.865320434570312e+02, -3.766825866699219e+02, -2.547720336914062e+02, -1.227279968261719e+02, -0e+00, -0e+00, -0e+00, -0e+00, -0e+00, -0e+00, -0e+00, -0e+00, -0e+00, -0e+00, -0e+00, -0e+00, -0e+00, -0e+00, -0e+00, -0e+00]
