last-generated=2024-07-24
statistics-simulation=
{
  "linear": " ",
  "nonlinear": " ",
  "numerical Jacobians": "0"
}
time=[0e+00, 6e+01]
senM_flow.m_flow=[1e+00, 9.800000198682163e-01, 9.599999801317882e-01, 9.399999960263539e-01, 9.200000198682181e-01, 8.999999761581421e-01, 8.799999920527108e-01, 8.600000079472923e-01, 8.399999801317788e-01, 8.199999960263665e-01, 8.00000011920929e-01, 7.79999968210894e-01, 7.599999841054343e-01, 7.400000158945657e-01, 7.200000158946351e-01, 6.99999988079071e-01, 6.800000198681517e-01, 6.600000198681959e-01, 6.399999920527331e-01, 6.199999920527772e-01, 6.000000238418579e-01, 5.799999960262938e-01, 5.599999960263381e-01, 5.400000278155198e-01, 5.199999682109193e-01, 5e-01, 4.800000019867583e-01, 4.600000337756495e-01, 4.399999721846254e-01, 4.199999741714786e-01, 4.000000059604645e-01, 3.800000079472228e-01, 3.600000397361141e-01, 3.399999781450899e-01, 3.199999801319429e-01, 3.00000011920929e-01, 2.800000139076874e-01, 2.600000158944457e-01, 2.399999692044879e-01, 2.1999998609236e-01, 2.000000029802322e-01, 1.800000198681045e-01, 1.600000218549101e-01, 1.399999751649524e-01, 1.199999846022203e-01, 1.000000014901161e-01, 8.000001092743132e-02, 6.000002409006062e-02, 3.9999973674789e-02, 1.999998683740042e-02, -2.442490654175344e-15, -1.999998683740042e-02, -3.9999973674789e-02, -6.000002409006062e-02, -7.999994735038643e-02, -1.000000014901161e-01, -1.200000481792654e-01, -1.39999975164548e-01, -1.600000218553142e-01, -1.799999562909882e-01, -2.000000029802322e-01, -2.200000496694763e-01, -2.399999692040838e-01, -2.600000158948497e-01, -2.799999503305237e-01, -3.00000011920929e-01, -3.200000437090118e-01, -3.399999781446858e-01, -3.600000397365184e-01, -3.799999443700592e-01, -4.000000059604645e-01, -4.200000377485471e-01, -4.39999972184221e-01, -4.600000337760537e-01, -4.799999384099737e-01, -5e-01, -5.200000317880829e-01, -5.399999960260792e-01, -5.60000027815779e-01, -5.799999324491305e-01, -6.000000238418579e-01, -6.200000556299408e-01, -6.399999602632921e-01, -6.600000516572576e-01, -6.799999562909882e-01, -6.99999988079071e-01, -7.200000794710408e-01, -7.399999841051502e-01, -7.600000158948498e-01, -7.799999205289592e-01, -8.00000011920929e-01, -8.200000437090118e-01, -8.399999483427424e-01, -8.600000397367079e-01, -8.799999443700592e-01, -8.999999761581421e-01, -9.200000675508695e-01, -9.39999972184221e-01, -9.600000039739208e-01, -9.799999682119171e-01, -1e+00]
senS_flow.S_flow=[9.535916137695312e+01, 9.345198066660393e+01, 9.154479232686329e+01, 8.963761123758984e+01, 8.773043090616162e+01, 8.58232421875e+01, 8.391606109822685e+01, 8.20088800089549e+01, 8.01016928059865e+01, 7.819451171671516e+01, 7.628733062744141e+01, 7.438014190877919e+01, 7.247296081950179e+01, 7.056578124591577e+01, 6.865859101159124e+01, 6.675141143798828e+01, 6.484423186440958e+01, 6.293704544474958e+01, 6.102986205647719e+01, 5.912267945150839e+01, 5.721549606323242e+01, 5.530831267495645e+01, 5.340113006999373e+01, 5.149394668172133e+01, 4.958676407675254e+01, 4.767958068847656e+01, 4.577239730020059e+01, 4.386521772659763e+01, 4.195802827559962e+01, 4.005084488731153e+01, 3.81436653137207e+01, 3.623648192543261e+01, 3.432929853716877e+01, 3.242211290084376e+01, 3.051492951255567e+01, 2.860774803161621e+01, 2.670056655068282e+01, 2.479338506973729e+01, 2.288619561873928e+01, 2.097901413779374e+01, 1.907183265686035e+01, 1.716464926857833e+01, 1.525746778764492e+01, 1.335028024397735e+01, 1.144309780936661e+01, 9.535916328430176e+00, 7.628733893822456e+00, 5.721551936048874e+00, 3.814363915545671e+00, 1.907181957772836e+00, -3.146853979653363e-13, -3.246331058304543e+00, -6.492662116609086e+00, -9.739003494654991e+00, -1.298532423335545e+01, -1.623166465759277e+01, -1.947800698919089e+01, -2.27243267741453e+01, -2.597066910599374e+01, -2.921698889096032e+01, -3.246332931518555e+01, -3.570967164680792e+01, -3.895599333908675e+01, -4.220233567092302e+01, -4.544865354855309e+01, -4.869499588012695e+01, -5.194133821170082e+01, -5.51876599040039e+01, -5.843399842119145e+01, -6.16803201134945e+01, -6.492665863037109e+01, -6.817300477669069e+01, -7.141932265429651e+01, -7.466566880078157e+01, -7.791198667838739e+01, -8.11583251953125e+01, -8.440467134153512e+01, -8.765098921918946e+01, -9.089732773637699e+01, -9.414365324332884e+01, -9.738999176025391e+01, -1.006363379064765e+02, -1.038826557841308e+02, -1.071289943013184e+02, -1.103753198082702e+02, -1.136216583251953e+02, -1.168679968421204e+02, -1.201143223490723e+02, -1.233606608662598e+02, -1.266069863732116e+02, -1.298533172607422e+02, -1.330996634071588e+02, -1.363459889140622e+02, -1.395923350605472e+02, -1.428386453088555e+02, -1.460849914550781e+02, -1.493313376013007e+02, -1.52577647849609e+02, -1.558239939960941e+02, -1.590703195029974e+02, -1.62316650390625e+02]
senS.s=[9.535916137695312e+01, 9.535916137695312e+01, 9.535916137695312e+01, 9.535916137695312e+01, 9.535916137695312e+01, 9.535916137695312e+01, 9.535916137695312e+01, 9.535916137695312e+01, 9.535916137695312e+01, 9.535916137695312e+01, 9.535916137695312e+01, 9.535916137695312e+01, 9.535916137695312e+01, 9.535916137695312e+01, 9.535916137695312e+01, 9.535916137695312e+01, 9.535916137695312e+01, 9.535916137695312e+01, 9.535916137695312e+01, 9.535916137695312e+01, 9.535916137695312e+01, 9.535916137695312e+01, 9.535916137695312e+01, 9.535916137695312e+01, 9.535916137695312e+01, 9.535916137695312e+01, 9.535916137695312e+01, 9.535916137695312e+01, 9.535916137695312e+01, 9.535916137695312e+01, 9.535916137695312e+01, 9.535916137695312e+01, 9.535916137695312e+01, 9.535916137695312e+01, 9.535916137695312e+01, 9.535916137695312e+01, 9.535916137695312e+01, 9.535916137695312e+01, 9.535916137695312e+01, 9.535916137695312e+01, 9.535916137695312e+01, 9.535916137695312e+01, 9.535916137695312e+01, 9.535916137695312e+01, 9.535916137695312e+01, 9.535916137695312e+01, 9.535916137695312e+01, 9.535916137695312e+01, 9.535916137695312e+01, 9.535916137695312e+01, 1.288379058837891e+02, 1.62316650390625e+02, 1.62316650390625e+02, 1.62316650390625e+02, 1.62316650390625e+02, 1.62316650390625e+02, 1.62316650390625e+02, 1.62316650390625e+02, 1.62316650390625e+02, 1.62316650390625e+02, 1.62316650390625e+02, 1.62316650390625e+02, 1.62316650390625e+02, 1.62316650390625e+02, 1.62316650390625e+02, 1.62316650390625e+02, 1.62316650390625e+02, 1.62316650390625e+02, 1.62316650390625e+02, 1.62316650390625e+02, 1.62316650390625e+02, 1.62316650390625e+02, 1.62316650390625e+02, 1.62316650390625e+02, 1.62316650390625e+02, 1.62316650390625e+02, 1.62316650390625e+02, 1.62316650390625e+02, 1.62316650390625e+02, 1.62316650390625e+02, 1.62316650390625e+02, 1.62316650390625e+02, 1.62316650390625e+02, 1.62316650390625e+02, 1.62316650390625e+02, 1.62316650390625e+02, 1.62316650390625e+02, 1.62316650390625e+02, 1.62316650390625e+02, 1.62316650390625e+02, 1.62316650390625e+02, 1.62316650390625e+02, 1.62316650390625e+02, 1.62316650390625e+02, 1.62316650390625e+02, 1.62316650390625e+02, 1.62316650390625e+02, 1.62316650390625e+02, 1.62316650390625e+02, 1.62316650390625e+02, 1.62316650390625e+02]
