last-generated=2024-07-24
statistics-initialization=
{
  "nonlinear": "7, 7, 5, 5, 0, 2",
  "numerical Jacobians": "0"
}
statistics-simulation=
{
  "linear": "0, 0, 0, 0, 0, 0, 0, 0, 0, 0, 0, 0, 0, 0, 0, 0, 0, 0, 4, 0, 0, 0, 0, 0, 0, 0, 0,   0, 0, 0, 4, 0, 0, 0, 0",
  "nonlinear": "0, 2, 2, 1",
  "number of continuous time states": "81",
  "numerical Jacobians": "0"
}
time=[1e+07, 1.1e+07]
rectangularZoneTemplate.TSensor=[2.931499938964844e+02, 2.933560485839844e+02, 2.934903259277344e+02, 2.935370483398438e+02, 2.934993591308594e+02, 2.934962463378906e+02, 2.936348571777344e+02, 2.937260131835938e+02, 2.937350158691406e+02, 2.936991882324219e+02, 2.936153564453125e+02, 2.935708923339844e+02, 2.935609130859375e+02, 2.934899291992188e+02, 2.935247497558594e+02, 2.936538391113281e+02, 2.937168273925781e+02, 2.937425537109375e+02, 2.936938781738281e+02, 2.936187133789062e+02, 2.935453186035156e+02, 2.935299072265625e+02, 2.935110168457031e+02, 2.936640014648438e+02, 2.9381884765625e+02, 2.939070434570312e+02, 2.938724670410156e+02, 2.937838134765625e+02, 2.937190246582031e+02, 2.936571044921875e+02, 2.935894165039062e+02, 2.936056518554688e+02, 2.9369921875e+02, 2.938013305664062e+02, 2.938450622558594e+02, 2.938005981445312e+02, 2.937106323242188e+02, 2.936009521484375e+02, 2.935165710449219e+02, 2.935798950195312e+02, 2.935946044921875e+02, 2.93729248046875e+02, 2.938091735839844e+02, 2.937820434570312e+02, 2.936895141601562e+02, 2.936322326660156e+02, 2.935508422851562e+02, 2.934379577636719e+02, 2.935538330078125e+02, 2.936404113769531e+02, 2.9371533203125e+02, 2.93762939453125e+02, 2.937853698730469e+02, 2.937155456542969e+02, 2.936378173828125e+02, 2.935661010742188e+02, 2.935579833984375e+02, 2.936023864746094e+02, 2.937909851074219e+02, 2.93995849609375e+02, 2.941651916503906e+02, 2.941122741699219e+02, 2.939002685546875e+02, 2.937971801757812e+02, 2.937040100097656e+02, 2.937504272460938e+02, 2.937968139648438e+02, 2.939234619140625e+02, 2.939971923828125e+02, 2.940339660644531e+02, 2.939114379882812e+02, 2.937631225585938e+02, 2.936654663085938e+02, 2.935606079101562e+02, 2.936129760742188e+02, 2.937629089355469e+02, 2.939255676269531e+02, 2.940732116699219e+02, 2.941120910644531e+02, 2.93927734375e+02, 2.937859191894531e+02, 2.936925659179688e+02, 2.9370068359375e+02, 2.937649536132812e+02, 2.9394921875e+02, 2.941536254882812e+02, 2.94357421875e+02, 2.945223999023438e+02, 2.943624267578125e+02, 2.941039123535156e+02, 2.938879699707031e+02, 2.939899291992188e+02, 2.940970458984375e+02, 2.945457153320312e+02, 2.949324035644531e+02, 2.951856689453125e+02, 2.953277587890625e+02, 2.950875244140625e+02, 2.948976745605469e+02, 2.947198486328125e+02, 2.949301452636719e+02]
rectangularZoneTemplate1.TSensor=[2.931499938964844e+02, 2.933636474609375e+02, 2.935014343261719e+02, 2.935448303222656e+02, 2.935032043457031e+02, 2.9350341796875e+02, 2.939229431152344e+02, 2.950897216796875e+02, 2.951904602050781e+02, 2.9456982421875e+02, 2.941321716308594e+02, 2.938212890625e+02, 2.937190551757812e+02, 2.93615234375e+02, 2.936584777832031e+02, 2.940288391113281e+02, 2.946072082519531e+02, 2.946592407226562e+02, 2.941958312988281e+02, 2.938648376464844e+02, 2.937055969238281e+02, 2.936304931640625e+02, 2.935715026855469e+02, 2.939334716796875e+02, 2.953151245117188e+02, 2.953926391601562e+02, 2.950860290527344e+02, 2.947106628417969e+02, 2.943381042480469e+02, 2.939695434570312e+02, 2.937871704101562e+02, 2.937626647949219e+02, 2.938845520019531e+02, 2.941340026855469e+02, 2.944739379882812e+02, 2.941509399414062e+02, 2.938373718261719e+02, 2.93690185546875e+02, 2.93580078125e+02, 2.935853271484375e+02, 2.937077941894531e+02, 2.945615844726562e+02, 2.955032043457031e+02, 2.951073608398438e+02, 2.945143432617188e+02, 2.940423583984375e+02, 2.9376025390625e+02, 2.936081237792969e+02, 2.936366271972656e+02, 2.940207824707031e+02, 2.955413208007812e+02, 2.964063110351562e+02, 2.958268737792969e+02, 2.9535546875e+02, 2.948983154296875e+02, 2.943533630371094e+02, 2.9384716796875e+02, 2.938999328613281e+02, 2.952629089355469e+02, 2.967403869628906e+02, 2.9694677734375e+02, 2.964150390625e+02, 2.959957885742188e+02, 2.956231384277344e+02, 2.952130737304688e+02, 2.948430480957031e+02, 2.9508203125e+02, 2.966959838867188e+02, 2.978426513671875e+02, 2.974797668457031e+02, 2.968800659179688e+02, 2.963331298828125e+02, 2.957544555664062e+02, 2.951777038574219e+02, 2.948592529296875e+02, 2.957271423339844e+02, 2.974054870605469e+02, 2.97670654296875e+02, 2.972885131835938e+02, 2.968159790039062e+02, 2.963405151367188e+02, 2.958541870117188e+02, 2.953472290039062e+02, 2.953284301757812e+02, 2.968407287597656e+02, 2.984517517089844e+02, 2.986317749023438e+02, 2.981026611328125e+02, 2.977346496582031e+02, 2.972945556640625e+02, 2.968444213867188e+02, 2.965137634277344e+02, 2.969617919921875e+02, 2.988509216308594e+02, 3.000804443359375e+02, 2.997907409667969e+02, 2.994094848632812e+02, 2.989999389648438e+02, 2.986152648925781e+02, 2.982376708984375e+02, 2.98119873046875e+02]
heaPum.con.T=[2.931499938964844e+02, 3.164306640625e+02, 3.265924987792969e+02, 3.314915466308594e+02, 2.969792175292969e+02, 3.273410949707031e+02, 2.958844909667969e+02, 2.948165588378906e+02, 2.944015502929688e+02, 2.946083679199219e+02, 3.362435302734375e+02, 3.367376098632812e+02, 2.962509765625e+02, 2.964924011230469e+02, 3.355784606933594e+02, 3.026639099121094e+02, 2.94747802734375e+02, 2.944483032226562e+02, 2.945139770507812e+02, 2.950471801757812e+02, 3.389848022460938e+02, 2.964104614257812e+02, 3.067708435058594e+02, 3.353896179199219e+02, 3.357704162597656e+02, 3.35255615234375e+02, 3.389381713867188e+02, 2.994435119628906e+02, 2.944562377929688e+02, 2.949752807617188e+02, 2.952784118652344e+02, 3.382037353515625e+02, 3.366740417480469e+02, 3.147337036132812e+02, 2.9563037109375e+02, 2.941319885253906e+02, 2.943109130859375e+02, 2.950637817382812e+02, 3.323205871582031e+02, 2.964848327636719e+02, 3.394022521972656e+02, 3.355268859863281e+02, 3.369992370605469e+02, 3.361628112792969e+02, 3.389126892089844e+02, 2.955880432128906e+02, 2.957740478515625e+02, 3.296386108398438e+02, 3.134668579101562e+02, 2.954617309570312e+02, 2.94733642578125e+02, 3.207969970703125e+02, 3.382849426269531e+02, 3.359173889160156e+02, 3.399520263671875e+02, 3.380006103515625e+02, 2.966600036621094e+02, 2.957396240234375e+02, 3.361728515625e+02, 3.371228332519531e+02, 3.358008728027344e+02, 3.35791748046875e+02, 3.365390625e+02, 3.399527282714844e+02, 3.398946533203125e+02, 3.390223083496094e+02, 3.379961242675781e+02, 3.353533020019531e+02, 3.39430419921875e+02, 3.363163757324219e+02, 3.277704467773438e+02, 2.964840393066406e+02, 2.948187866210938e+02, 2.960407104492188e+02, 3.369182739257812e+02, 3.354545593261719e+02, 3.353926696777344e+02, 3.396698913574219e+02, 3.396012573242188e+02, 3.396930236816406e+02, 3.352638854980469e+02, 3.363269653320312e+02, 3.363398742675781e+02, 2.946719055175781e+02, 2.941629638671875e+02, 2.941398620605469e+02, 2.941403503417969e+02, 2.94140869140625e+02, 2.941413269042969e+02, 2.941417236328125e+02, 2.940623779296875e+02, 2.93957763671875e+02, 2.939585876464844e+02, 2.939590148925781e+02, 2.939596862792969e+02, 2.939604797363281e+02, 2.939612426757812e+02, 2.939619750976562e+02, 2.93962646484375e+02, 2.939632568359375e+02, 2.939638061523438e+02]
senTemSup.T=[2.931499938964844e+02, 3.027440185546875e+02, 3.108846130371094e+02, 3.175460205078125e+02, 3.146127014160156e+02, 3.15427001953125e+02, 3.189492797851562e+02, 3.178848876953125e+02, 3.161944274902344e+02, 3.143945922851562e+02, 3.132551574707031e+02, 3.151348266601562e+02, 3.191288452148438e+02, 3.147027587890625e+02, 3.151994018554688e+02, 3.185881958007812e+02, 3.194617614746094e+02, 3.179906005859375e+02, 3.161770324707031e+02, 3.137020263671875e+02, 3.146475219726562e+02, 3.19485595703125e+02, 3.13098876953125e+02, 3.154772338867188e+02, 3.168489990234375e+02, 3.174851989746094e+02, 3.179905700683594e+02, 3.18705810546875e+02, 3.193072509765625e+02, 3.176390686035156e+02, 3.14134765625e+02, 3.142429809570312e+02, 3.16885498046875e+02, 3.183729553222656e+02, 3.190511474609375e+02, 3.194584045410156e+02, 3.187991027832031e+02, 3.148030700683594e+02, 3.148467102050781e+02, 3.18804931640625e+02, 3.131345520019531e+02, 3.143515625e+02, 3.152641906738281e+02, 3.160946350097656e+02, 3.173965454101562e+02, 3.19138671875e+02, 3.166856994628906e+02, 3.1371875e+02, 3.183336791992188e+02, 3.167772216796875e+02, 3.145510559082031e+02, 3.131322631835938e+02, 3.133059997558594e+02, 3.138349304199219e+02, 3.151858520507812e+02, 3.177723083496094e+02, 3.188215026855469e+02, 3.144587097167969e+02, 3.131818542480469e+02, 3.133240966796875e+02, 3.1333740234375e+02, 3.1333740234375e+02, 3.135279541015625e+02, 3.137842407226562e+02, 3.144732666015625e+02, 3.157862548828125e+02, 3.169581604003906e+02, 3.176409301757812e+02, 3.179294128417969e+02, 3.180678405761719e+02, 3.18363525390625e+02, 3.189250183105469e+02, 3.189405822753906e+02, 3.157386779785156e+02, 3.131316528320312e+02, 3.138560485839844e+02, 3.143636779785156e+02, 3.144822692871094e+02, 3.144836120605469e+02, 3.148329772949219e+02, 3.152977600097656e+02, 3.163162231445312e+02, 3.181421813964844e+02, 3.191435852050781e+02, 3.193307800292969e+02, 3.193433837890625e+02, 3.193434143066406e+02, 3.193434143066406e+02, 3.193434143066406e+02, 3.193434448242188e+02, 3.194636840820312e+02, 3.190857849121094e+02, 3.19007568359375e+02, 3.19007568359375e+02, 3.19007568359375e+02, 3.19007568359375e+02, 3.19007568359375e+02, 3.19007568359375e+02, 3.19007568359375e+02, 3.19007568359375e+02, 3.19007568359375e+02]
heaPum.QCon_flow=[0e+00, 6.315599975585938e+02, 6.042326049804688e+02, 5.881510620117188e+02, 0e+00, 6.019567260742188e+02, 0e+00, 0e+00, 0e+00, 0e+00, 0e+00, 5.813689575195312e+02, 0e+00, 0e+00, 5.709974975585938e+02, 0e+00, 0e+00, 0e+00, 0e+00, 0e+00, 5.512526245117188e+02, 0e+00, 6.669210815429688e+02, 0e+00, 0e+00, 0e+00, 0e+00, 0e+00, 0e+00, 0e+00, 0e+00, 5.61507568359375e+02, 0e+00, 0e+00, 0e+00, 0e+00, 0e+00, 0e+00, 5.85085205078125e+02, 0e+00, 5.4808935546875e+02, 0e+00, 0e+00, 0e+00, 5.64453369140625e+02, 0e+00, 0e+00, 5.946883544921875e+02, 0e+00, 0e+00, 0e+00, 6.161282348632812e+02, 0e+00, 6.090543212890625e+02, 5.497356567382812e+02, 0e+00, 0e+00, 0e+00, 0e+00, 0e+00, 0e+00, 0e+00, 5.973683471679688e+02, 0e+00, 0e+00, 5.6492138671875e+02, 0e+00, 0e+00, 0e+00, 0e+00, 0e+00, 0e+00, 0e+00, 0e+00, 5.870236206054688e+02, 0e+00, 0e+00, 0e+00, 0e+00, 0e+00, 0e+00, 0e+00, 0e+00, 0e+00, 0e+00, 0e+00, 0e+00, 0e+00, 0e+00, 0e+00, 0e+00, 0e+00, 0e+00, 0e+00, 0e+00, 0e+00, 0e+00, 0e+00, 0e+00, 0e+00, 0e+00]
