last-generated=2024-07-24
statistics-initialization=
{
  "nonlinear": "1",
  "numerical Jacobians": "0"
}
statistics-simulation=
{
  "linear": "0, 0, 0, 0, 0, 0, 0, 0, 0, 0, 0, 0, 0, 0, 0, 0, 0, 0, 0, 0, 0, 0, 0, 0, 0, 0, 0,   0, 0, 0, 0, 0, 0, 0, 0, 0, 0, 0, 0, 0, 0, 0, 0, 0, 0, 0, 0, 0, 0, 0, 0, 0, 0,   0, 0, 0, 0, 0, 0, 0, 0, 0, 0, 0, 0, 0, 0, 0, 0, 0, 0, 0, 0, 0, 0, 0, 0, 0, 0,   0, 0, 0, 0, 0, 0, 0, 0, 0, 0, 0, 0, 0, 0, 0, 0, 0, 0, 0, 0, 0, 0, 0, 0, 0, 0,   0, 0, 0, 0, 0, 0, 0, 0, 0, 0, 0, 0, 0, 0, 0, 0, 0, 0, 0, 0, 0, 0, 0, 0, 0, 0,   0, 0, 0, 0, 0, 0, 0, 0, 0, 0, 0, 0, 0, 0, 0, 0, 0, 0, 0, 0, 0, 0, 0, 0, 0, 0,   0, 0, 0",
  "nonlinear": "1",
  "number of continuous time states": "168",
  "numerical Jacobians": "0"
}
time=[0e+00, 7.776e+06]
aquWel.TAquHot[50]=[2.851499938964844e+02, 2.851499938964844e+02, 2.851499938964844e+02, 2.851503601074219e+02, 2.851540832519531e+02, 2.851707458496094e+02, 2.852150268554688e+02, 2.853001708984375e+02, 2.854324645996094e+02, 2.856098327636719e+02, 2.858238220214844e+02, 2.860628051757812e+02, 2.863147888183594e+02, 2.865689392089844e+02, 2.868169250488281e+02, 2.870528869628906e+02, 2.872730712890625e+02, 2.874753723144531e+02, 2.876589050292969e+02, 2.878241577148438e+02, 2.879718933105469e+02, 2.881032409667969e+02, 2.882196960449219e+02, 2.883226013183594e+02, 2.884132995605469e+02, 2.884931030273438e+02, 2.88563232421875e+02, 2.886249084472656e+02, 2.886790771484375e+02, 2.887268371582031e+02, 2.887688598632812e+02, 2.888059692382812e+02, 2.888387756347656e+02, 2.888677673339844e+02, 2.888934020996094e+02, 2.889161376953125e+02, 2.889363403320312e+02, 2.889542541503906e+02, 2.889701232910156e+02, 2.889842834472656e+02, 2.889968566894531e+02, 2.89008056640625e+02, 2.890180358886719e+02, 2.890269470214844e+02, 2.89034912109375e+02, 2.890420837402344e+02, 2.890484924316406e+02, 2.890542602539062e+02, 2.890595092773438e+02, 2.890642700195312e+02, 2.890685424804688e+02, 2.890724487304688e+02, 2.890760192871094e+02, 2.890792846679688e+02, 2.890822448730469e+02, 2.890849304199219e+02, 2.8908740234375e+02, 2.890896606445312e+02, 2.890917053222656e+02, 2.890935668945312e+02, 2.890953063964844e+02, 2.890968933105469e+02, 2.890983276367188e+02, 2.890996704101562e+02, 2.891008911132812e+02, 2.891020202636719e+02, 2.891030578613281e+02, 2.891040344238281e+02, 2.891049194335938e+02, 2.891057434082031e+02, 2.891064758300781e+02, 2.89107177734375e+02, 2.891078491210938e+02, 2.891084594726562e+02, 2.891090087890625e+02, 2.891095275878906e+02, 2.891100158691406e+02, 2.891104736328125e+02, 2.891109008789062e+02, 2.891112976074219e+02, 2.891116638183594e+02, 2.891119995117188e+02, 2.891123046875e+02, 2.891126098632812e+02, 2.891128845214844e+02, 2.891131286621094e+02, 2.891133728027344e+02, 2.891136169433594e+02, 2.891138000488281e+02, 2.89114013671875e+02, 2.891141967773438e+02, 2.891143493652344e+02, 2.891145324707031e+02, 2.891146850585938e+02, 2.891148071289062e+02, 2.891149597167969e+02, 2.891150817871094e+02, 2.891152038574219e+02, 2.891153259277344e+02, 2.891154174804688e+02, 2.891155090332031e+02]
