last-generated=2024-07-24
statistics-simulation=
{
  "linear": "0",
  "nonlinear": " ",
  "number of continuous time states": "4",
  "numerical Jacobians": "0"
}
time=[0e+00, 1.728e+05]
vol.T=[2.931499938964844e+02, 2.9048095703125e+02, 2.891119384765625e+02, 2.891559753417969e+02, 2.891513061523438e+02, 2.891516723632812e+02, 2.891519775390625e+02, 2.891522521972656e+02, 2.891524658203125e+02, 2.891526489257812e+02, 2.891527709960938e+02, 2.891528625488281e+02, 2.891529235839844e+02, 2.891785888671875e+02, 2.893615417480469e+02, 2.917102355957031e+02, 2.931064147949219e+02, 2.931513671875e+02, 2.931524963378906e+02, 2.931520080566406e+02, 2.931526489257812e+02, 2.932197875976562e+02, 2.93356201171875e+02, 2.935200500488281e+02, 2.93680908203125e+02, 2.938166809082031e+02, 2.939114379882812e+02, 2.939540100097656e+02, 2.939369201660156e+02, 2.938556518554688e+02, 2.937081298828125e+02, 2.934943237304688e+02, 2.932159118652344e+02, 2.931468505859375e+02, 2.931471557617188e+02, 2.931472473144531e+02, 2.931471252441406e+02, 2.931470947265625e+02, 2.931470642089844e+02, 2.931471252441406e+02, 2.924068908691406e+02, 2.908880310058594e+02, 2.896519775390625e+02, 2.891730346679688e+02, 2.891479187011719e+02, 2.891481628417969e+02, 2.891485595703125e+02, 2.891488952636719e+02, 2.891492614746094e+02, 2.891495971679688e+02, 2.891499633789062e+02, 2.891503295898438e+02, 2.891506958007812e+02, 2.891510620117188e+02, 2.891513977050781e+02, 2.891517028808594e+02, 2.891519775390625e+02, 2.891522216796875e+02, 2.891524658203125e+02, 2.891526184082031e+02, 2.891527709960938e+02, 2.891528625488281e+02, 2.891529235839844e+02, 2.891785583496094e+02, 2.893615112304688e+02, 2.917102355957031e+02, 2.931064147949219e+02, 2.931513671875e+02, 2.931524963378906e+02, 2.931520080566406e+02, 2.931526489257812e+02, 2.932198181152344e+02, 2.93356201171875e+02, 2.935200500488281e+02, 2.93680908203125e+02, 2.938166809082031e+02, 2.939114379882812e+02, 2.939540100097656e+02, 2.939369201660156e+02, 2.938556518554688e+02, 2.937081298828125e+02, 2.934943237304688e+02, 2.932159118652344e+02, 2.931468505859375e+02, 2.931471557617188e+02, 2.931472473144531e+02, 2.931471252441406e+02, 2.931470947265625e+02, 2.931470642089844e+02, 2.931471252441406e+02, 2.924068908691406e+02, 2.908880310058594e+02, 2.896519775390625e+02, 2.891730346679688e+02, 2.891479187011719e+02, 2.891481628417969e+02, 2.891485595703125e+02, 2.891488952636719e+02, 2.891492614746094e+02, 2.891495971679688e+02, 2.891499633789062e+02]
TSet.y=[2.891499938964844e+02, 2.891499938964844e+02, 2.891499938964844e+02, 2.891499938964844e+02, 2.891499938964844e+02, 2.891499938964844e+02, 2.891499938964844e+02, 2.891499938964844e+02, 2.891499938964844e+02, 2.891499938964844e+02, 2.891499938964844e+02, 2.891499938964844e+02, 2.891499938964844e+02, 2.891499938964844e+02, 2.891499938964844e+02, 2.931499938964844e+02, 2.931499938964844e+02, 2.931499938964844e+02, 2.931499938964844e+02, 2.931499938964844e+02, 2.931499938964844e+02, 2.931499938964844e+02, 2.931499938964844e+02, 2.931499938964844e+02, 2.931499938964844e+02, 2.931499938964844e+02, 2.931499938964844e+02, 2.931499938964844e+02, 2.931499938964844e+02, 2.931499938964844e+02, 2.931499938964844e+02, 2.931499938964844e+02, 2.931499938964844e+02, 2.931499938964844e+02, 2.931499938964844e+02, 2.931499938964844e+02, 2.931499938964844e+02, 2.931499938964844e+02, 2.931499938964844e+02, 2.931499938964844e+02, 2.891499938964844e+02, 2.891499938964844e+02, 2.891499938964844e+02, 2.891499938964844e+02, 2.891499938964844e+02, 2.891499938964844e+02, 2.891499938964844e+02, 2.891499938964844e+02, 2.891499938964844e+02, 2.891499938964844e+02, 2.891499938964844e+02, 2.891499938964844e+02, 2.891499938964844e+02, 2.891499938964844e+02, 2.891499938964844e+02, 2.891499938964844e+02, 2.891499938964844e+02, 2.891499938964844e+02, 2.891499938964844e+02, 2.891499938964844e+02, 2.891499938964844e+02, 2.891499938964844e+02, 2.891499938964844e+02, 2.891499938964844e+02, 2.891499938964844e+02, 2.931499938964844e+02, 2.931499938964844e+02, 2.931499938964844e+02, 2.931499938964844e+02, 2.931499938964844e+02, 2.931499938964844e+02, 2.931499938964844e+02, 2.931499938964844e+02, 2.931499938964844e+02, 2.931499938964844e+02, 2.931499938964844e+02, 2.931499938964844e+02, 2.931499938964844e+02, 2.931499938964844e+02, 2.931499938964844e+02, 2.931499938964844e+02, 2.931499938964844e+02, 2.931499938964844e+02, 2.931499938964844e+02, 2.931499938964844e+02, 2.931499938964844e+02, 2.931499938964844e+02, 2.931499938964844e+02, 2.931499938964844e+02, 2.931499938964844e+02, 2.891499938964844e+02, 2.891499938964844e+02, 2.891499938964844e+02, 2.891499938964844e+02, 2.891499938964844e+02, 2.891499938964844e+02, 2.891499938964844e+02, 2.891499938964844e+02, 2.891499938964844e+02, 2.891499938964844e+02, 2.891499938964844e+02]
conPI.y=[0e+00, 0e+00, 4.561621248722076e-01, 3.103813827037811e-01, 2.934978604316711e-01, 2.713907063007355e-01, 2.44551882147789e-01, 2.138707488775253e-01, 1.798252016305923e-01, 1.429384499788284e-01, 1.037904769182205e-01, 6.303379684686661e-02, 2.124805562198162e-02, 0e+00, 0e+00, 1e+00, 8.686348795890808e-02, 9.463202953338609e-02, 5.448290333151817e-02, 2.388018183410168e-02, 0e+00, 0e+00, 0e+00, 0e+00, 0e+00, 0e+00, 0e+00, 0e+00, 0e+00, 0e+00, 0e+00, 0e+00, 0e+00, 8.246079832315445e-02, 1.255356371402742e-01, 1.643887013196944e-01, 2.051559686660767e-01, 2.469273507595062e-01, 2.890339493751526e-01, 3.308108448982239e-01, 0e+00, 0e+00, 0e+00, 2.160150706768036e-01, 2.417581677436829e-01, 2.712378799915314e-01, 2.937247157096863e-01, 3.116713762283325e-01, 3.247072994709015e-01, 3.326193392276764e-01, 3.352924883365631e-01, 3.326666951179504e-01, 3.248066306114197e-01, 3.118198215961456e-01, 2.938994169235229e-01, 2.713724970817564e-01, 2.445538491010663e-01, 2.138733267784121e-01, 1.798216551542282e-01, 1.42938107252121e-01, 1.03801541030407e-01, 6.301183253526688e-02, 2.12502870708704e-02, 0e+00, 0e+00, 1e+00, 8.686164766550064e-02, 9.463591873645782e-02, 5.448427423834774e-02, 2.388051897287393e-02, 8.760353553682876e-17, 0e+00, 0e+00, 0e+00, 0e+00, 0e+00, 0e+00, 0e+00, 0e+00, 0e+00, 0e+00, 0e+00, 0e+00, 8.246003836393356e-02, 1.25535860657692e-01, 1.643886566162109e-01, 2.051560580730438e-01, 2.469268292188644e-01, 2.890329360961914e-01, 3.308100998401642e-01, 0e+00, 0e+00, 0e+00, 2.16014102101326e-01, 2.417581975460052e-01, 2.712378203868866e-01, 2.937244474887848e-01, 3.11671257019043e-01, 3.247075378894806e-01, 3.32618921995163e-01, 3.352927565574646e-01]
hea.Q_flow=[0e+00, 0e+00, 4.926550903320312e+02, 3.352119140625e+02, 3.169776916503906e+02, 2.931019592285156e+02, 2.641160278320312e+02, 2.309804077148437e+02, 1.942112274169922e+02, 1.5437353515625e+02, 1.120937118530273e+02, 6.807649993896484e+01, 2.294789886474609e+01, 0e+00, 0e+00, 1.08e+03, 9.381256103515625e+01, 1.022025909423827e+02, 5.884153366088867e+01, 2.579059600830078e+01, 0e+00, 0e+00, 0e+00, 0e+00, 0e+00, 0e+00, 0e+00, 0e+00, 0e+00, 0e+00, 0e+00, 0e+00, 0e+00, 8.905766296386719e+01, 1.355784759521486e+02, 1.775397949218748e+02, 2.215684356689453e+02, 2.666815185546875e+02, 3.121566772460938e+02, 3.572757263183594e+02, 0e+00, 0e+00, 0e+00, 2.332962799072266e+02, 2.610988159179688e+02, 2.929369201660156e+02, 3.172226867675781e+02, 3.366051025390625e+02, 3.506838684082031e+02, 3.592288818359375e+02, 3.621158752441406e+02, 3.59280029296875e+02, 3.507911376953125e+02, 3.367654113769531e+02, 3.17411376953125e+02, 2.930823059082029e+02, 2.641181640624997e+02, 2.309831848144534e+02, 1.942073974609375e+02, 1.543731536865234e+02, 1.121056671142578e+02, 6.805278015136719e+01, 2.295030975341797e+01, 0e+00, 0e+00, 1.08e+03, 9.381057739257812e+01, 1.02206787109375e+02, 5.884301376342744e+01, 2.579096031188991e+01, 9.459100169806334e-14, 0e+00, 0e+00, 0e+00, 0e+00, 0e+00, 0e+00, 0e+00, 0e+00, 0e+00, 0e+00, 0e+00, 0e+00, 8.905683898925781e+01, 1.355787353515625e+02, 1.775397491455078e+02, 2.215685424804688e+02, 2.666809692382812e+02, 3.121555480957031e+02, 3.572749328613281e+02, 0e+00, 0e+00, 0e+00, 2.332952423095703e+02, 2.610988464355469e+02, 2.929368286132812e+02, 3.172223815917969e+02, 3.366049499511719e+02, 3.506841430664062e+02, 3.592284545898438e+02, 3.621161804199219e+02]
hex.Q1_flow=[4.260093994140625e+02, 2.978057556152344e+02, 2.274347534179688e+02, 2.203352203369141e+02, 2.074593200683594e+02, 1.9155126953125e+02, 1.726202392578125e+02, 1.509662780761718e+02, 1.26931266784668e+02, 1.008948974609375e+02, 7.326683807373047e+01, 4.448358535766602e+01, 1.499876594543457e+01, -1.35081672668457e+01, -3.433528137207035e+01, 4.805126571655273e+01, 8.650469207763672e+01, 6.258708953857417e+01, 3.85950813293457e+01, 1.690663909912109e+01, -2.008482933044434e+00, -1.475566959381104e+01, -2.095446586608887e+01, -2.238306999206543e+01, -2.033774566650391e+01, -1.577753925323486e+01, -9.4261474609375e+00, -1.841920852661133e+00, 6.533765792846716e+00, 1.534197521209717e+01, 2.428459358215332e+01, 3.310899353027344e+01, 4.159737396240234e+01, 6.237342071533203e+01, 8.843294525146496e+01, 1.160710906982421e+02, 1.448538513183594e+02, 1.74338623046875e+02, 2.040599517822266e+02, 2.335491180419922e+02, 2.272985992431641e+02, 1.830392608642578e+02, 1.505762023925781e+02, 1.519513244628906e+02, 1.724279937744141e+02, 1.913849029541016e+02, 2.073293151855469e+02, 2.199997711181641e+02, 2.292007598876953e+02, 2.347870025634766e+02, 2.366705780029297e+02, 2.348218383789062e+02, 2.292694091796875e+02, 2.201019592285156e+02, 2.074626159667969e+02, 1.915520935058592e+02, 1.726202087402342e+02, 1.509661712646486e+02, 1.269313735961914e+02, 1.00894645690918e+02, 7.326700592041016e+01, 4.448385620117188e+01, 1.499856185913086e+01, -1.350858783721924e+01, -3.433547973632812e+01, 4.805120086669922e+01, 8.650467681884766e+01, 6.258694458007812e+01, 3.859506988525371e+01, 1.690665054321306e+01, -2.008335590362401e+00, -1.475553607940674e+01, -2.095440673828125e+01, -2.238299942016602e+01, -2.03377571105957e+01, -1.577753734588623e+01, -9.4261474609375e+00, -1.841923475265503e+00, 6.533607006072998e+00, 1.534168243408203e+01, 2.428434562683105e+01, 3.310881042480469e+01, 4.159720993041992e+01, 6.237337493896484e+01, 8.843293762207031e+01, 1.160710906982422e+02, 1.448538513183594e+02, 1.743386383056641e+02, 2.040599822998047e+02, 2.335491333007812e+02, 2.272985992431641e+02, 1.830392456054688e+02, 1.505762023925781e+02, 1.519513244628906e+02, 1.724279937744141e+02, 1.913849029541016e+02, 2.073293151855469e+02, 2.199997711181641e+02, 2.292007598876953e+02, 2.347870178222656e+02, 2.366705627441406e+02]
