last-generated=2024-07-24
statistics-simulation=
{
  "linear": "0",
  "nonlinear": " ",
  "number of continuous time states": "4",
  "numerical Jacobians": "0"
}
time=[0e+00, 1.728e+05]
vol.T=[2.931499938964844e+02, 2.906447448730469e+02, 2.890402526855469e+02, 2.891534118652344e+02, 2.891515808105469e+02, 2.891515502929688e+02, 2.891518249511719e+02, 2.891520690917969e+02, 2.891522827148438e+02, 2.891524353027344e+02, 2.89152587890625e+02, 2.891526489257812e+02, 2.891527099609375e+02, 2.891766357421875e+02, 2.893485412597656e+02, 2.916920166015625e+02, 2.931204223632812e+02, 2.931500244140625e+02, 2.9315234375e+02, 2.931518859863281e+02, 2.931524658203125e+02, 2.932153625488281e+02, 2.933444519042969e+02, 2.935014038085938e+02, 2.936575317382812e+02, 2.937914733886719e+02, 2.93887451171875e+02, 2.939341735839844e+02, 2.939237670898438e+02, 2.93851318359375e+02, 2.937142639160156e+02, 2.935120849609375e+02, 2.9324609375e+02, 2.93151123046875e+02, 2.931472473144531e+02, 2.931474304199219e+02, 2.931473388671875e+02, 2.931473083496094e+02, 2.931472778320312e+02, 2.931473388671875e+02, 2.92457275390625e+02, 2.910179443359375e+02, 2.898218383789062e+02, 2.891372375488281e+02, 2.891507263183594e+02, 2.891483154296875e+02, 2.891486511230469e+02, 2.891489868164062e+02, 2.891492919921875e+02, 2.891496276855469e+02, 2.891499938964844e+02, 2.891502990722656e+02, 2.891506652832031e+02, 2.891509704589844e+02, 2.891512756347656e+02, 2.891515808105469e+02, 2.891518249511719e+02, 2.891520690917969e+02, 2.891522827148438e+02, 2.891524353027344e+02, 2.891525573730469e+02, 2.891526489257812e+02, 2.891527099609375e+02, 2.891766357421875e+02, 2.893485412597656e+02, 2.916920166015625e+02, 2.931203918457031e+02, 2.931500549316406e+02, 2.9315234375e+02, 2.931518859863281e+02, 2.931524658203125e+02, 2.932153625488281e+02, 2.933444519042969e+02, 2.935014038085938e+02, 2.936575317382812e+02, 2.937914733886719e+02, 2.93887451171875e+02, 2.939341735839844e+02, 2.939237670898438e+02, 2.93851318359375e+02, 2.937142639160156e+02, 2.935120849609375e+02, 2.9324609375e+02, 2.931510925292969e+02, 2.931472473144531e+02, 2.931474304199219e+02, 2.931473388671875e+02, 2.931473083496094e+02, 2.931472778320312e+02, 2.931473388671875e+02, 2.92457275390625e+02, 2.910179443359375e+02, 2.898218383789062e+02, 2.891372375488281e+02, 2.891507263183594e+02, 2.891483154296875e+02, 2.891486511230469e+02, 2.891489868164062e+02, 2.891492919921875e+02, 2.891496276855469e+02, 2.891499938964844e+02]
TSet.y=[2.891499938964844e+02, 2.891499938964844e+02, 2.891499938964844e+02, 2.891499938964844e+02, 2.891499938964844e+02, 2.891499938964844e+02, 2.891499938964844e+02, 2.891499938964844e+02, 2.891499938964844e+02, 2.891499938964844e+02, 2.891499938964844e+02, 2.891499938964844e+02, 2.891499938964844e+02, 2.891499938964844e+02, 2.891499938964844e+02, 2.931499938964844e+02, 2.931499938964844e+02, 2.931499938964844e+02, 2.931499938964844e+02, 2.931499938964844e+02, 2.931499938964844e+02, 2.931499938964844e+02, 2.931499938964844e+02, 2.931499938964844e+02, 2.931499938964844e+02, 2.931499938964844e+02, 2.931499938964844e+02, 2.931499938964844e+02, 2.931499938964844e+02, 2.931499938964844e+02, 2.931499938964844e+02, 2.931499938964844e+02, 2.931499938964844e+02, 2.931499938964844e+02, 2.931499938964844e+02, 2.931499938964844e+02, 2.931499938964844e+02, 2.931499938964844e+02, 2.931499938964844e+02, 2.931499938964844e+02, 2.891499938964844e+02, 2.891499938964844e+02, 2.891499938964844e+02, 2.891499938964844e+02, 2.891499938964844e+02, 2.891499938964844e+02, 2.891499938964844e+02, 2.891499938964844e+02, 2.891499938964844e+02, 2.891499938964844e+02, 2.891499938964844e+02, 2.891499938964844e+02, 2.891499938964844e+02, 2.891499938964844e+02, 2.891499938964844e+02, 2.891499938964844e+02, 2.891499938964844e+02, 2.891499938964844e+02, 2.891499938964844e+02, 2.891499938964844e+02, 2.891499938964844e+02, 2.891499938964844e+02, 2.891499938964844e+02, 2.891499938964844e+02, 2.891499938964844e+02, 2.931499938964844e+02, 2.931499938964844e+02, 2.931499938964844e+02, 2.931499938964844e+02, 2.931499938964844e+02, 2.931499938964844e+02, 2.931499938964844e+02, 2.931499938964844e+02, 2.931499938964844e+02, 2.931499938964844e+02, 2.931499938964844e+02, 2.931499938964844e+02, 2.931499938964844e+02, 2.931499938964844e+02, 2.931499938964844e+02, 2.931499938964844e+02, 2.931499938964844e+02, 2.931499938964844e+02, 2.931499938964844e+02, 2.931499938964844e+02, 2.931499938964844e+02, 2.931499938964844e+02, 2.931499938964844e+02, 2.931499938964844e+02, 2.931499938964844e+02, 2.891499938964844e+02, 2.891499938964844e+02, 2.891499938964844e+02, 2.891499938964844e+02, 2.891499938964844e+02, 2.891499938964844e+02, 2.891499938964844e+02, 2.891499938964844e+02, 2.891499938964844e+02, 2.891499938964844e+02, 2.891499938964844e+02]
conPI.y=[0e+00, 0e+00, 3.496665358543396e-01, 2.979194521903992e-01, 2.719815075397491e-01, 2.516436874866486e-01, 2.267784923315048e-01, 1.983282715082168e-01, 1.66748896241188e-01, 1.325478404760361e-01, 9.623735398054123e-02, 5.84402047097683e-02, 1.968979462981224e-02, 0e+00, 0e+00, 1e+00, 4.854575172066689e-02, 8.806176483631122e-02, 5.061893910169601e-02, 2.213155291974545e-02, 0e+00, 0e+00, 0e+00, 0e+00, 0e+00, 0e+00, 0e+00, 0e+00, 0e+00, 0e+00, 0e+00, 0e+00, 0e+00, 7.387109845876694e-02, 1.161476969718935e-01, 1.524827182292937e-01, 1.902677863836288e-01, 2.290045917034149e-01, 2.680528163909912e-01, 3.067949712276459e-01, 0e+00, 0e+00, 0e+00, 2.680115103721619e-01, 2.247916907072067e-01, 2.512695491313934e-01, 2.724044919013977e-01, 2.890288233757019e-01, 3.011339008808136e-01, 3.084552884101868e-01, 3.109406232833862e-01, 3.085035085678101e-01, 3.012063503265381e-01, 2.891643047332764e-01, 2.725571095943451e-01, 2.516495585441587e-01, 2.267812639474867e-01, 1.983267217874529e-01, 1.667471826076508e-01, 1.325540542602539e-01, 9.624540060758591e-02, 5.842645093798637e-02, 1.969356462359428e-02, 0e+00, 0e+00, 1e+00, 4.854476824402809e-02, 8.806063234806061e-02, 5.061871558427785e-02, 2.213061228394531e-02, 8.088148206741863e-17, 0e+00, 0e+00, 0e+00, 0e+00, 0e+00, 0e+00, 0e+00, 0e+00, 0e+00, 0e+00, 0e+00, 0e+00, 7.387084513902664e-02, 1.161480918526649e-01, 1.524826884269714e-01, 1.902679800987244e-01, 2.290043830871582e-01, 2.680522203445435e-01, 3.067946434020996e-01, 0e+00, 0e+00, 0e+00, 2.680149078369141e-01, 2.247841209173203e-01, 2.512697875499725e-01, 2.72404283285141e-01, 2.890301942825317e-01, 3.011326193809509e-01, 3.084565401077271e-01, 3.109394311904907e-01]
hea.Q_flow=[0e+00, 0e+00, 3.776398620605469e+02, 3.217530212402344e+02, 2.937400207519531e+02, 2.717751770019531e+02, 2.449207763671875e+02, 2.141945343017578e+02, 1.800888061523438e+02, 1.431516723632812e+02, 1.039363403320312e+02, 6.311542129516602e+01, 2.126497840881348e+01, 0e+00, 0e+00, 1.08e+03, 5.242941284179688e+01, 9.510670471191393e+01, 5.466845321655273e+01, 2.390207672119141e+01, 0e+00, 0e+00, 0e+00, 0e+00, 0e+00, 0e+00, 0e+00, 0e+00, 0e+00, 0e+00, 0e+00, 0e+00, 0e+00, 7.978078460693359e+01, 1.254395141601564e+02, 1.646813354492186e+02, 2.054892120361328e+02, 2.47324951171875e+02, 2.894970397949219e+02, 3.313385620117188e+02, 0e+00, 0e+00, 0e+00, 2.894524536132812e+02, 2.427750396728516e+02, 2.7137109375e+02, 2.941968383789062e+02, 3.12151123046875e+02, 3.25224609375e+02, 3.331317138671875e+02, 3.358158569335938e+02, 3.331837768554688e+02, 3.253028564453125e+02, 3.122974548339844e+02, 2.943616943359375e+02, 2.717815246582029e+02, 2.449237670898435e+02, 2.141928558349612e+02, 1.800869598388672e+02, 1.431583709716797e+02, 1.039450378417969e+02, 6.310056686401367e+01, 2.12690486907959e+01, 0e+00, 0e+00, 1.08e+03, 5.242834854125977e+01, 9.510548400878906e+01, 5.466821289062472e+01, 2.3901062011719e+01, 8.748557434046234e-14, 0e+00, 0e+00, 0e+00, 0e+00, 0e+00, 0e+00, 0e+00, 0e+00, 0e+00, 0e+00, 0e+00, 0e+00, 7.9780517578125e+01, 1.254399337768555e+02, 1.646813049316406e+02, 2.054894104003906e+02, 2.473247375488281e+02, 2.894963989257812e+02, 3.313382263183594e+02, 0e+00, 0e+00, 0e+00, 2.894561157226562e+02, 2.427668609619141e+02, 2.713713684082031e+02, 2.941966552734375e+02, 3.121526184082031e+02, 3.252232055664062e+02, 3.33133056640625e+02, 3.358145751953125e+02]
hex.Q1_flow=[4.733437805175781e+02, 3.395086364746094e+02, 2.489354400634766e+02, 2.44680908203125e+02, 2.305247802734375e+02, 2.12827880859375e+02, 1.917926483154297e+02, 1.677317962646484e+02, 1.41025390625e+02, 1.120952606201172e+02, 8.139717864990234e+01, 4.941510009765625e+01, 1.665420913696289e+01, -1.511163330078125e+01, -3.883415985107426e+01, 5.24320182800293e+01, 9.685205841064453e+01, 6.947132873535151e+01, 4.287498474121094e+01, 1.877762222290039e+01, -2.24137020111084e+00, -1.662935447692871e+01, -2.390013313293457e+01, -2.585017967224121e+01, -2.38271541595459e+01, -1.885671424865723e+01, -1.173446846008301e+01, -3.08953595161438e+00, 6.568736553192181e+00, 1.681872940063477e+01, 2.730513381958008e+01, 3.772276306152344e+01, 4.780640029907227e+01, 6.952757263183594e+01, 9.826337432861341e+01, 1.289779357910155e+02, 1.609597015380859e+02, 1.937207336425781e+02, 2.267444458007812e+02, 2.595100402832031e+02, 2.552043914794922e+02, 2.102085418701172e+02, 1.762404479980469e+02, 1.669513549804688e+02, 1.917339019775391e+02, 2.126572265625e+02, 2.303710479736328e+02, 2.444483795166016e+02, 2.546704864501953e+02, 2.608757629394531e+02, 2.629677734375e+02, 2.609113159179688e+02, 2.547418518066406e+02, 2.445535278320312e+02, 2.305088806152344e+02, 2.128290252685545e+02, 1.917926177978514e+02, 1.67731887817383e+02, 1.410252990722656e+02, 1.120952377319336e+02, 8.139696502685547e+01, 4.94154052734375e+01, 1.665433692932129e+01, -1.511164093017578e+01, -3.883415222167969e+01, 5.243204498291016e+01, 9.685172271728516e+01, 6.947149658203125e+01, 4.287499237060526e+01, 1.877762222290058e+01, -2.241391420364215e+00, -1.662921333312988e+01, -2.389990043640137e+01, -2.585001754760742e+01, -2.382697105407715e+01, -1.885682678222656e+01, -1.173465442657471e+01, -3.089851379394531e+00, 6.568187713623047e+00, 1.681857109069824e+01, 2.730510520935059e+01, 3.772241973876953e+01, 4.780600738525391e+01, 6.952750396728516e+01, 9.826337432861328e+01, 1.289779357910156e+02, 1.609597015380859e+02, 1.937207641601562e+02, 2.267444763183594e+02, 2.595100402832031e+02, 2.552043914794922e+02, 2.102085266113281e+02, 1.762404479980469e+02, 1.669515228271484e+02, 1.917340240478516e+02, 2.126572265625e+02, 2.303710479736328e+02, 2.444484100341797e+02, 2.546704406738281e+02, 2.608757934570312e+02, 2.629677124023438e+02]
