last-generated=2024-07-24
statistics-simulation=
{
  "linear": "0, 0",
  "nonlinear": " ",
  "number of continuous time states": "6",
  "numerical Jacobians": "0"
}
time=[0e+00, 1e+05]
realExpression.y=[8e+00, 8.791862428188324e-02, 8.358240127563477e-02, 8.336067944765091e-02, 8.334987610578537e-02, 8.335211873054504e-02, 8.334784954786301e-02, 8.334756642580032e-02, 8.33478569984436e-02, 8.334523439407349e-02, 8.334852755069733e-02, 8.334727585315704e-02, 8.334644138813019e-02, 8.33471342921257e-02, 8.334790915250778e-02, 8.334793150424957e-02, 8.33478569984436e-02, 8.334771543741226e-02, 8.334773778915405e-02, 8.334776014089584e-02, 8.334781229496002e-02, 8.33478644490242e-02, 8.334788680076599e-02, 8.334790915250778e-02, 8.334792405366898e-02, 8.334792405366898e-02, 8.334791660308838e-02, 8.334789425134659e-02, 8.334790170192719e-02, 8.334790915250778e-02, 8.334791660308838e-02, 8.334791660308838e-02, 8.334791660308838e-02, 8.334790915250778e-02, 8.334790170192719e-02, 8.334789425134659e-02, 8.334788680076599e-02, 8.334788680076599e-02, 8.334788680076599e-02, 8.334788680076599e-02, 8.334788680076599e-02, 8.334788680076599e-02, 8.334788680076599e-02, 8.334788680076599e-02, 8.334788680076599e-02, 8.334788680076599e-02, 8.334788680076599e-02, 8.334788680076599e-02, 8.334788680076599e-02, 8.334788680076599e-02, 8.334788680076599e-02, 8.334788680076599e-02, 8.334788680076599e-02, 8.334788680076599e-02, 8.334788680076599e-02, 8.334788680076599e-02, 8.334788680076599e-02, 8.334788680076599e-02, 8.334788680076599e-02, 8.334788680076599e-02, 8.334788680076599e-02, 8.334788680076599e-02, 8.334788680076599e-02, 8.334788680076599e-02, 8.334788680076599e-02, 8.334788680076599e-02, 8.334788680076599e-02, 8.334788680076599e-02, 8.334788680076599e-02, 8.334788680076599e-02, 8.334788680076599e-02, 8.334788680076599e-02, 8.334788680076599e-02, 8.334788680076599e-02, 8.334788680076599e-02, 8.334788680076599e-02, 8.334788680076599e-02, 8.334788680076599e-02, 8.334788680076599e-02, 8.334788680076599e-02, 8.334788680076599e-02, 8.334788680076599e-02, 8.334788680076599e-02, 8.334788680076599e-02, 8.334788680076599e-02, 8.334788680076599e-02, 8.334788680076599e-02, 8.334788680076599e-02, 8.334788680076599e-02, 8.334788680076599e-02, 8.334788680076599e-02, 8.334788680076599e-02, 8.334788680076599e-02, 8.334788680076599e-02, 8.334788680076599e-02, 8.334788680076599e-02, 8.334788680076599e-02, 8.334788680076599e-02, 8.334788680076599e-02, 8.334788680076599e-02, 8.334788680076599e-02]
Rb_ref.y=[8.239900320768356e-02, 8.239900320768356e-02]
