last-generated=2024-07-24
statistics-initialization=
{
  "nonlinear": "5",
  "numerical Jacobians": "0"
}
statistics-simulation=
{
  "linear": "0, 0, 0, 0, 0, 0",
  "nonlinear": "1, 2",
  "number of continuous time states": "12",
  "numerical Jacobians": "0"
}
time=[0e+00, 1.728e+05]
vol.T_start=[2.931499938964844e+02, 2.931499938964844e+02]
vol.T=[2.931499938964844e+02, 2.908892822265625e+02, 2.9208544921875e+02, 2.929161376953125e+02, 2.9347021484375e+02, 2.938822326660156e+02, 2.9258251953125e+02, 2.918527221679688e+02, 2.931487121582031e+02, 2.939072875976562e+02, 2.91005615234375e+02, 2.92598388671875e+02, 2.937686767578125e+02, 2.911100158691406e+02, 2.924032592773438e+02, 2.936658020019531e+02, 2.912793579101562e+02, 2.944502258300781e+02, 2.934741821289062e+02, 2.92586181640625e+02, 2.919617004394531e+02, 2.918952331542969e+02, 2.928226928710938e+02, 2.937673645019531e+02, 2.94422119140625e+02, 2.94460205078125e+02, 2.933704528808594e+02, 2.922959289550781e+02, 2.921545104980469e+02, 2.933510437011719e+02, 2.943536376953125e+02, 2.946059875488281e+02, 2.931913757324219e+02, 2.920661010742188e+02, 2.926428527832031e+02, 2.9378857421875e+02, 2.94589111328125e+02, 2.941937561035156e+02, 2.914651184082031e+02, 2.919398193359375e+02, 2.936763000488281e+02, 2.943154296875e+02, 2.934375610351562e+02, 2.924188537597656e+02, 2.917287902832031e+02, 2.921500549316406e+02, 2.935641784667969e+02, 2.943171691894531e+02, 2.934121704101562e+02, 2.924058837890625e+02, 2.917214050292969e+02, 2.920951843261719e+02, 2.942056274414062e+02, 2.933373718261719e+02, 2.922372436523438e+02, 2.915997009277344e+02, 2.930487060546874e+02, 2.942449340820312e+02, 2.931416625976562e+02, 2.921398010253906e+02, 2.917161865234375e+02, 2.925211181640625e+02, 2.938634643554688e+02, 2.942931823730469e+02, 2.934079895019531e+02, 2.924933776855469e+02, 2.918246459960938e+02, 2.941007995605469e+02, 2.947267761230469e+02, 2.933515624999999e+02, 2.920419616699219e+02, 2.932459716796875e+02, 2.945719909667969e+02, 2.941282958984375e+02, 2.920684204101562e+02, 2.934375915527344e+02, 2.947273864746094e+02, 2.936328430175781e+02, 2.920594177246094e+02, 2.932478637695312e+02, 2.943503723144531e+02, 2.946199645996094e+02, 2.930785217285156e+02, 2.920859069824219e+02, 2.934531860351562e+02, 2.946075744628906e+02, 2.941340942382812e+02, 2.923772583007812e+02, 2.91650146484375e+02, 2.919833374023438e+02, 2.930848999023438e+02, 2.940236511230469e+02, 2.944144592285156e+02, 2.938076171875e+02, 2.929399108886719e+02, 2.922035827636719e+02, 2.918510131835938e+02, 2.921624450683594e+02, 2.934392700195312e+02, 2.942761840820312e+02, 2.940416870117188e+02]
temSup.T=[3.231499938964844e+02, 3.15071044921875e+02, 3.169504089355469e+02, 3.179616394042969e+02, 3.185955810546875e+02, 3.190355834960938e+02, 3.193046569824219e+02, 3.162046508789062e+02, 3.179478149414062e+02, 3.188910217285156e+02, 3.139104919433594e+02, 3.170534362792969e+02, 3.185783081054688e+02, 3.131351623535156e+02, 3.167941284179688e+02, 3.184390869140625e+02, 3.126620178222656e+02, 3.169151611328125e+02, 3.147235412597656e+02, 3.127582397460938e+02, 3.101650695800781e+02, 3.065841979980469e+02, 3.144027404785156e+02, 3.139966125488281e+02, 3.135804138183594e+02, 3.131520385742188e+02, 3.113324584960938e+02, 3.080697937011719e+02, 3.125433959960938e+02, 3.121676330566406e+02, 3.120286865234375e+02, 3.120295104980469e+02, 3.100641784667969e+02, 3.058951110839844e+02, 3.120295104980469e+02, 3.120295104980469e+02, 3.1203662109375e+02, 3.1221142578125e+02, 3.112702331542969e+02, 3.077197875976562e+02, 3.160403442382812e+02, 3.158042602539062e+02, 3.1449609375e+02, 3.127599792480469e+02, 3.104561767578125e+02, 3.157814636230469e+02, 3.15607421875e+02, 3.156962280273438e+02, 3.147085876464844e+02, 3.128479309082031e+02, 3.10418701171875e+02, 3.116681518554688e+02, 3.166171569824219e+02, 3.154095764160156e+02, 3.130484008789062e+02, 3.10284637451172e+02, 3.164244384765625e+02, 3.164551086425781e+02, 3.148409729003906e+02, 3.125485534667969e+02, 3.094121704101562e+02, 3.156059875488281e+02, 3.156015014648438e+02, 3.155767211914062e+02, 3.142910766601562e+02, 3.124490966796875e+02, 3.1029248046875e+02, 3.154212341308594e+02, 3.116264953613281e+02, 3.098145141601561e+02, 3.035197448730479e+02, 3.112773132324219e+02, 3.110054016113281e+02, 3.105912780761719e+02, 3.0267431640625e+02, 3.106333312988281e+02, 3.106333312988281e+02, 3.095521545410156e+02, 3.023375244140625e+02, 3.110708312988281e+02, 3.115869750976562e+02, 3.117867431640625e+02, 3.093521118164062e+02, 3.034293212890625e+02, 3.111990051269531e+02, 3.11138427734375e+02, 3.112633361816406e+02, 3.072471008300781e+02, 3.102741394042969e+02, 3.067609558105469e+02, 3.149151306152344e+02, 3.147939453125e+02, 3.146718139648438e+02, 3.139791870117188e+02, 3.122274780273438e+02, 3.1012939453125e+02, 3.075592346191406e+02, 3.143218383789062e+02, 3.150485534667969e+02, 3.151476745605469e+02, 3.149811706542969e+02]
temRet.T=[3.231499938964844e+02, 3.110985717773438e+02, 3.129989929199219e+02, 3.140245971679688e+02, 3.146680908203125e+02, 3.151151428222656e+02, 3.153888244628906e+02, 3.122485656738281e+02, 3.140143432617188e+02, 3.149707336425781e+02, 3.099380798339844e+02, 3.131100769042969e+02, 3.146553955078125e+02, 3.0916357421875e+02, 3.128473510742188e+02, 3.145143432617188e+02, 3.086848754882812e+02, 3.12994873046875e+02, 3.107892761230469e+02, 3.088069458007812e+02, 3.061996154785156e+02, 3.026527709960938e+02, 3.104777221679688e+02, 3.100707397460938e+02, 3.09653564453125e+02, 3.092241821289062e+02, 3.07388916015625e+02, 3.041028747558594e+02, 3.086140441894531e+02, 3.082373046875e+02, 3.080979919433594e+02, 3.080988159179688e+02, 3.061146240234375e+02, 3.019144287109375e+02, 3.080988159179688e+02, 3.080988159179688e+02, 3.081059265136719e+02, 3.082812194824219e+02, 3.072993469238281e+02, 3.0347216796875e+02, 3.121186828613281e+02, 3.118821716308594e+02, 3.105608825683594e+02, 3.088062744140625e+02, 3.064883117675781e+02, 3.118593139648438e+02, 3.116849365234375e+02, 3.1177392578125e+02, 3.107733764648438e+02, 3.088941955566406e+02, 3.064506225585938e+02, 3.035682373046875e+02, 3.126966247558594e+02, 3.11474609375e+02, 3.090926208496094e+02, 3.063092651367189e+02, 3.125035400390625e+02, 3.125342712402344e+02, 3.109020385742188e+02, 3.0859033203125e+02, 3.054333801269531e+02, 3.116835021972656e+02, 3.116790161132812e+02, 3.116541748046875e+02, 3.1035498046875e+02, 3.084957885742188e+02, 3.063255004882812e+02, 3.114983825683594e+02, 3.076947021484375e+02, 3.058664245605467e+02, 2.995846862792979e+02, 3.073445129394531e+02, 3.070718383789062e+02, 3.066561889648438e+02, 2.987131652832031e+02, 3.066986694335938e+02, 3.066986694335938e+02, 3.056070861816406e+02, 2.980619506835938e+02, 3.071374816894531e+02, 3.076550598144531e+02, 3.078553771972656e+02, 3.053988342285156e+02, 2.983947143554688e+02, 3.072659912109375e+02, 3.072052612304688e+02, 3.07330322265625e+02, 3.032783813476562e+02, 3.063035583496094e+02, 3.023929138183594e+02, 3.109912414550781e+02, 3.108697814941406e+02, 3.107474060058594e+02, 3.100482788085938e+02, 3.082800903320312e+02, 3.061663208007812e+02, 3.035930786132812e+02, 3.103966979980469e+02, 3.111249389648438e+02, 3.112242431640625e+02, 3.110558166503906e+02]
