last-generated=2024-07-24
statistics-simulation=
{
  "linear": " ",
  "nonlinear": "1",
  "number of continuous time states": "11",
  "numerical Jacobians": "0"
}
time=[0e+00, 8.64e+04]
solCol.vol[3].T=[2.931499938964844e+02, 2.829190673828125e+02, 2.829169921875e+02, 2.829169921875e+02, 2.829169921875e+02, 2.829169921875e+02, 2.829169921875e+02, 2.829169921875e+02, 2.829169921875e+02, 2.82915771484375e+02, 2.829081726074219e+02, 2.828962097167969e+02, 2.82883056640625e+02, 2.828716430664062e+02, 2.828604431152344e+02, 2.828485717773438e+02, 2.828360900878906e+02, 2.828224487304688e+02, 2.827946166992188e+02, 2.8275439453125e+02, 2.827135620117188e+02, 2.826838073730469e+02, 2.826697082519531e+02, 2.826665344238281e+02, 2.826715393066406e+02, 2.826820983886719e+02, 2.827038879394531e+02, 2.82742431640625e+02, 2.827851257324219e+02, 2.828245239257812e+02, 2.82855224609375e+02, 2.828923645019531e+02, 2.830417785644531e+02, 2.83559814453125e+02, 2.843656921386719e+02, 2.852572326660156e+02, 2.86076904296875e+02, 2.868739929199219e+02, 2.876439208984375e+02, 2.883752136230469e+02, 2.889723815917969e+02, 2.893976135253906e+02, 2.897203979492188e+02, 2.89924072265625e+02, 2.899947204589844e+02, 2.899361267089844e+02, 2.897890625e+02, 2.895560913085938e+02, 2.893899230957031e+02, 2.892265014648438e+02, 2.890480041503906e+02, 2.888562927246094e+02, 2.886537475585938e+02, 2.884427795410156e+02, 2.882239074707031e+02, 2.879953002929688e+02, 2.877548522949219e+02, 2.875048522949219e+02, 2.872377624511719e+02, 2.869394226074219e+02, 2.866807250976562e+02, 2.863775024414062e+02, 2.860560913085938e+02, 2.857177124023438e+02, 2.854155578613281e+02, 2.851117553710938e+02, 2.846492309570312e+02, 2.841082763671875e+02, 2.836091918945312e+02, 2.833414001464844e+02, 2.832745971679688e+02, 2.8324169921875e+02, 2.832382507324219e+02, 2.832412414550781e+02, 2.832446594238281e+02, 2.832426147460938e+02, 2.832335510253906e+02, 2.83222900390625e+02, 2.832121276855469e+02, 2.832025451660156e+02, 2.831968994140625e+02, 2.831978759765625e+02, 2.832011413574219e+02, 2.832018737792969e+02, 2.831920776367188e+02, 2.831585083007812e+02, 2.831136779785156e+02, 2.830740356445312e+02, 2.830559692382812e+02, 2.83067138671875e+02, 2.830907287597656e+02, 2.831065979003906e+02, 2.830954284667969e+02, 2.830660705566406e+02, 2.830321044921875e+02, 2.829975891113281e+02, 2.82966552734375e+02, 2.829400024414062e+02, 2.829163818359375e+02, 2.828956909179688e+02, 2.828778686523438e+02]
solCol.vol[6].T=[2.931499938964844e+02, 2.827965698242188e+02, 2.827033996582031e+02, 2.82703369140625e+02, 2.82703369140625e+02, 2.82703369140625e+02, 2.82703369140625e+02, 2.82703369140625e+02, 2.82703369140625e+02, 2.827016906738281e+02, 2.826885070800781e+02, 2.826662292480469e+02, 2.826410522460938e+02, 2.826187133789062e+02, 2.825973815917969e+02, 2.825747680664062e+02, 2.825509643554688e+02, 2.825254211425781e+02, 2.824759826660156e+02, 2.82400634765625e+02, 2.823215942382812e+02, 2.822614135742188e+02, 2.822314758300781e+02, 2.822232666015625e+02, 2.822313842773438e+02, 2.822506103515625e+02, 2.822887573242188e+02, 2.823599243164062e+02, 2.824418029785156e+02, 2.825178833007812e+02, 2.825797424316406e+02, 2.826449890136719e+02, 2.828901062011719e+02, 2.838012084960938e+02, 2.853034057617188e+02, 2.869998168945312e+02, 2.885931701660156e+02, 2.901204833984375e+02, 2.916043395996094e+02, 2.930147399902344e+02, 2.942066040039062e+02, 2.950423583984375e+02, 2.956842956542969e+02, 2.961007690429688e+02, 2.962651977539062e+02, 2.961778259277344e+02, 2.959111328125e+02, 2.954656982421875e+02, 2.951444396972656e+02, 2.948329772949219e+02, 2.94493896484375e+02, 2.941290588378906e+02, 2.93742919921875e+02, 2.933401489257812e+02, 2.929224243164062e+02, 2.924865112304688e+02, 2.920281066894531e+02, 2.915504455566406e+02, 2.910441589355469e+02, 2.904771423339844e+02, 2.899803771972656e+02, 2.894015197753906e+02, 2.887894287109375e+02, 2.88139404296875e+02, 2.8755517578125e+02, 2.869805908203125e+02, 2.861317749023438e+02, 2.851012268066406e+02, 2.8412646484375e+02, 2.835408630371094e+02, 2.834011535644531e+02, 2.833292846679688e+02, 2.833192138671875e+02, 2.833240661621094e+02, 2.833309326171875e+02, 2.833285827636719e+02, 2.83312255859375e+02, 2.832920532226562e+02, 2.832713317871094e+02, 2.832525939941406e+02, 2.832405090332031e+02, 2.832412414550781e+02, 2.832473754882812e+02, 2.832496643066406e+02, 2.832344970703125e+02, 2.831746826171875e+02, 2.830899963378906e+02, 2.830116577148438e+02, 2.829712829589844e+02, 2.829872741699219e+02, 2.830313415527344e+02, 2.830649108886719e+02, 2.830502014160156e+02, 2.829957580566406e+02, 2.829313354492188e+02, 2.828650207519531e+02, 2.828044738769531e+02, 2.827528686523438e+02, 2.827070007324219e+02, 2.826667175292969e+02, 2.826319274902344e+02]
solCol.vol[9].T=[2.931499938964844e+02, 2.833214416503906e+02, 2.825078430175781e+02, 2.825075378417969e+02, 2.825075378417969e+02, 2.825075378417969e+02, 2.825075378417969e+02, 2.825075378417969e+02, 2.825075378417969e+02, 2.825057067871094e+02, 2.824887390136719e+02, 2.824577941894531e+02, 2.824217224121094e+02, 2.823889770507812e+02, 2.823583984375e+02, 2.823260803222656e+02, 2.822920227050781e+02, 2.822556762695312e+02, 2.821896667480469e+02, 2.820842590332031e+02, 2.819700927734375e+02, 2.818795776367188e+02, 2.818321838378906e+02, 2.818172912597656e+02, 2.818266906738281e+02, 2.818529052734375e+02, 2.819034118652344e+02, 2.820015258789062e+02, 2.821188354492188e+02, 2.822291259765625e+02, 2.823216857910156e+02, 2.8241015625e+02, 2.827176513671875e+02, 2.839145812988281e+02, 2.860035400390625e+02, 2.884232177734375e+02, 2.907454223632812e+02, 2.929425048828125e+02, 2.950873413085938e+02, 2.971276550292969e+02, 2.988980712890625e+02, 3.001370849609375e+02, 3.010919799804688e+02, 3.01726806640625e+02, 3.020033569335938e+02, 3.019140625e+02, 3.015538330078125e+02, 3.009199523925781e+02, 3.004519958496094e+02, 3.000048217773438e+02, 2.995214538574219e+02, 2.990003967285156e+02, 2.98447998046875e+02, 2.978709716796875e+02, 2.972724609375e+02, 2.966484375e+02, 2.959925231933594e+02, 2.95307861328125e+02, 2.945860900878906e+02, 2.937788391113281e+02, 2.930604248046875e+02, 2.922326965332031e+02, 2.9135791015625e+02, 2.904255981445312e+02, 2.895747680664062e+02, 2.887521667480469e+02, 2.875845947265625e+02, 2.861167297363281e+02, 2.846951904296875e+02, 2.83762939453125e+02, 2.835296325683594e+02, 2.834149780273438e+02, 2.833938293457031e+02, 2.833993225097656e+02, 2.834093933105469e+02, 2.83407958984375e+02, 2.833861999511719e+02, 2.833575134277344e+02, 2.833276672363281e+02, 2.833003234863281e+02, 2.832814331054688e+02, 2.832807006835938e+02, 2.832891235351562e+02, 2.832934265136719e+02, 2.832756042480469e+02, 2.83196533203125e+02, 2.830770568847656e+02, 2.829619445800781e+02, 2.828965148925781e+02, 2.829113464355469e+02, 2.829722290039062e+02, 2.8302392578125e+02, 2.8301171875e+02, 2.829371643066406e+02, 2.828455810546875e+02, 2.827501220703125e+02, 2.826618041992188e+02, 2.825863647460938e+02, 2.825195007324219e+02, 2.824607238769531e+02, 2.824098510742188e+02]
shaCoe.y=[0e+00, 0e+00, 0e+00, 0e+00, 0e+00, 0e+00, 0e+00, 0e+00, 0e+00, 0e+00, 0e+00, 0e+00, 0e+00, 0e+00, 0e+00, 0e+00, 0e+00, 0e+00, 0e+00, 0e+00, 0e+00, 0e+00, 0e+00, 0e+00, 0e+00, 0e+00, 0e+00, 0e+00, 0e+00, 0e+00, 0e+00, 0e+00, 0e+00, 0e+00, 0e+00, 0e+00, 0e+00, 0e+00, 0e+00, 0e+00, 2.149382047355175e-02, 5.720663070678711e-02, 9.291943907737732e-02, 1.286322474479675e-01, 1.643450558185577e-01, 2.000578641891479e-01, 2.357706725597382e-01, 2.714834809303284e-01, 3.071962893009186e-01, 3.429090976715088e-01, 3.78621906042099e-01, 4.143347144126892e-01, 4.500475227832794e-01, 4.857603311538696e-01, 5.214731693267822e-01, 5.571859478950504e-01, 5.92898786067963e-01, 6.286115646362301e-01, 6.643244028091431e-01, 7.000371813774109e-01, 7.357500195503235e-01, 7.714627981185913e-01, 8.071756362915039e-01, 8.428884148597717e-01, 8.786012530326843e-01, 9.143140316009521e-01, 9.500268697738647e-01, 9.857396483421326e-01, 1e+00, 1e+00, 1e+00, 1e+00, 1e+00, 1e+00, 1e+00, 1e+00, 1e+00, 1e+00, 1e+00, 1e+00, 1e+00, 1e+00, 1e+00, 1e+00, 1e+00, 1e+00, 1e+00, 1e+00, 1e+00, 1e+00, 1e+00, 1e+00, 1e+00, 1e+00, 1e+00, 1e+00, 1e+00, 1e+00, 1e+00, 1e+00, 1e+00]
