last-generated=2024-07-24
statistics-initialization=
{
  "nonlinear": "1",
  "numerical Jacobians": "0"
}
statistics-simulation=
{
  "linear": " ",
  "nonlinear": " ",
  "number of continuous time states": "6",
  "numerical Jacobians": "0"
}
time=[0e+00, 1.2e+03]
con1.u_s=[3.031499938964844e+02, 3.031499938964844e+02, 3.031499938964844e+02, 3.031499938964844e+02, 3.031499938964844e+02, 3.031499938964844e+02, 3.031499938964844e+02, 3.031499938964844e+02, 3.031499938964844e+02, 3.031499938964844e+02, 3.031499938964844e+02, 2.981499938964844e+02, 2.981499938964844e+02, 2.981499938964844e+02, 2.981499938964844e+02, 2.981499938964844e+02, 2.981499938964844e+02, 2.981499938964844e+02, 2.981499938964844e+02, 2.981499938964844e+02, 2.981499938964844e+02, 2.981499938964844e+02, 2.981499938964844e+02, 2.981499938964844e+02, 2.981499938964844e+02, 2.981499938964844e+02, 2.981499938964844e+02, 2.981499938964844e+02, 2.981499938964844e+02, 2.981499938964844e+02, 2.981499938964844e+02, 2.981499938964844e+02, 2.981499938964844e+02, 2.981499938964844e+02, 2.981499938964844e+02, 2.981499938964844e+02, 2.981499938964844e+02, 2.981499938964844e+02, 2.981499938964844e+02, 2.981499938964844e+02, 2.981499938964844e+02, 2.981499938964844e+02, 2.981499938964844e+02, 2.981499938964844e+02, 2.981499938964844e+02, 2.981499938964844e+02, 2.981499938964844e+02, 2.981499938964844e+02, 2.981499938964844e+02, 2.981499938964844e+02, 2.981499938964844e+02, 2.981499938964844e+02, 2.981499938964844e+02, 2.981499938964844e+02, 2.981499938964844e+02, 2.981499938964844e+02, 2.981499938964844e+02, 2.981499938964844e+02, 2.981499938964844e+02, 2.981499938964844e+02, 2.981499938964844e+02, 2.981499938964844e+02, 2.981499938964844e+02, 2.981499938964844e+02, 2.981499938964844e+02, 2.981499938964844e+02, 2.981499938964844e+02, 2.981499938964844e+02, 2.981499938964844e+02, 2.981499938964844e+02, 2.981499938964844e+02, 2.981499938964844e+02, 2.981499938964844e+02, 2.981499938964844e+02, 2.981499938964844e+02, 2.981499938964844e+02, 2.981499938964844e+02, 2.981499938964844e+02, 2.981499938964844e+02, 2.981499938964844e+02, 2.981499938964844e+02, 2.981499938964844e+02, 2.981499938964844e+02, 2.981499938964844e+02, 2.981499938964844e+02, 2.981499938964844e+02, 2.981499938964844e+02, 2.981499938964844e+02, 2.981499938964844e+02, 2.981499938964844e+02, 2.981499938964844e+02, 2.981499938964844e+02, 2.981499938964844e+02, 2.981499938964844e+02, 2.981499938964844e+02, 2.981499938964844e+02, 2.981499938964844e+02, 2.981499938964844e+02, 2.981499938964844e+02, 2.981499938964844e+02, 2.981499938964844e+02]
con1.u_m=[2.931499938964844e+02, 3.031156005859375e+02, 3.031387634277344e+02, 3.031463317871094e+02, 3.031488037109375e+02, 3.031495971679688e+02, 3.031498718261719e+02, 3.031499633789062e+02, 3.031499938964844e+02, 3.031499938964844e+02, 3.031499938964844e+02, 2.982659301757812e+02, 2.981878967285156e+02, 2.981623840332031e+02, 2.98154052734375e+02, 2.981513366699219e+02, 2.981504211425781e+02, 2.98150146484375e+02, 2.981500549316406e+02, 2.981500244140625e+02, 2.981499938964844e+02, 2.981499938964844e+02, 2.981499938964844e+02, 2.981499938964844e+02, 2.981499938964844e+02, 2.981499938964844e+02, 2.981499938964844e+02, 2.981499938964844e+02, 2.981499938964844e+02, 2.981499938964844e+02, 2.981499938964844e+02, 2.981499938964844e+02, 2.981499938964844e+02, 2.981499938964844e+02, 2.981499938964844e+02, 2.981499938964844e+02, 2.981499938964844e+02, 2.981499938964844e+02, 2.981499938964844e+02, 2.981499938964844e+02, 2.981499938964844e+02, 2.981499938964844e+02, 2.981499938964844e+02, 2.981499938964844e+02, 2.981499938964844e+02, 2.981499938964844e+02, 2.981499938964844e+02, 2.981499938964844e+02, 2.981499938964844e+02, 2.981499938964844e+02, 2.981499938964844e+02, 2.981499938964844e+02, 2.981499938964844e+02, 2.981499938964844e+02, 2.981499938964844e+02, 2.981499938964844e+02, 2.981499938964844e+02, 2.981499938964844e+02, 2.981499938964844e+02, 2.981499938964844e+02, 2.981499938964844e+02, 2.981499938964844e+02, 2.981499938964844e+02, 2.981499938964844e+02, 2.981499938964844e+02, 2.981499938964844e+02, 2.981499938964844e+02, 2.981499938964844e+02, 2.981499938964844e+02, 2.981499938964844e+02, 2.981499938964844e+02, 2.981499938964844e+02, 2.981499938964844e+02, 2.981499938964844e+02, 2.981499938964844e+02, 2.981499938964844e+02, 2.981499938964844e+02, 2.981499938964844e+02, 2.981499938964844e+02, 2.981499938964844e+02, 2.981499938964844e+02, 2.981499938964844e+02, 2.981499938964844e+02, 2.981499938964844e+02, 2.981499938964844e+02, 2.981499938964844e+02, 2.981499938964844e+02, 2.981499938964844e+02, 2.981499938964844e+02, 2.981499938964844e+02, 2.981499938964844e+02, 2.981499938964844e+02, 2.981499938964844e+02, 2.981499938964844e+02, 2.981499938964844e+02, 2.981499938964844e+02, 2.981499938964844e+02, 2.981499938964844e+02, 2.981499938964844e+02, 2.981499938964844e+02, 2.981499938964844e+02]
con2.u_m=[2.931499938964844e+02, 3.03138671875e+02, 3.031283264160156e+02, 3.031324462890625e+02, 3.031382446289062e+02, 3.031421203613281e+02, 3.031447143554688e+02, 3.031464538574219e+02, 3.031476135253906e+02, 3.031484069824219e+02, 3.0314892578125e+02, 3.006928100585938e+02, 2.985889892578125e+02, 2.975452575683594e+02, 2.97349365234375e+02, 2.975818481445312e+02, 2.979009704589844e+02, 2.981310424804688e+02, 2.982339477539062e+02, 2.982437744140625e+02, 2.982110900878906e+02, 2.98173583984375e+02, 2.981487731933594e+02, 2.981389465332031e+02, 2.981391906738281e+02, 2.981435241699219e+02, 2.981478576660156e+02, 2.981504821777344e+02, 2.981513977050781e+02, 2.981512451171875e+02, 2.981506958007812e+02, 2.981502075195312e+02, 2.9814990234375e+02, 2.981498107910156e+02, 2.981498413085938e+02, 2.9814990234375e+02, 2.981499633789062e+02, 2.981500244140625e+02, 2.981500244140625e+02, 2.981500244140625e+02, 2.981499938964844e+02, 2.981499938964844e+02, 2.981499938964844e+02, 2.981499938964844e+02, 2.981499938964844e+02, 2.981500244140625e+02, 2.981499938964844e+02, 2.981499938964844e+02, 2.981499938964844e+02, 2.981499938964844e+02, 2.981499938964844e+02, 2.981499938964844e+02, 2.981499938964844e+02, 2.981500244140625e+02, 2.981500244140625e+02, 2.981499938964844e+02, 2.981499938964844e+02, 2.981499938964844e+02, 2.981499938964844e+02, 2.981499938964844e+02, 2.981499938964844e+02, 2.981499938964844e+02, 2.981500244140625e+02, 2.981499938964844e+02, 2.981499938964844e+02, 2.981499938964844e+02, 2.981499938964844e+02, 2.981499938964844e+02, 2.981499938964844e+02, 2.981499938964844e+02, 2.981500244140625e+02, 2.981500244140625e+02, 2.981499938964844e+02, 2.981499938964844e+02, 2.981499938964844e+02, 2.981499938964844e+02, 2.981499938964844e+02, 2.981499938964844e+02, 2.981499938964844e+02, 2.981500244140625e+02, 2.981499938964844e+02, 2.981499938964844e+02, 2.981499938964844e+02, 2.981499938964844e+02, 2.981499938964844e+02, 2.981499938964844e+02, 2.981499938964844e+02, 2.981500244140625e+02, 2.981500244140625e+02, 2.981499938964844e+02, 2.981499938964844e+02, 2.981499938964844e+02, 2.981499938964844e+02, 2.981499938964844e+02, 2.981499938964844e+02, 2.981499938964844e+02, 2.981500244140625e+02, 2.981499938964844e+02, 2.981499938964844e+02, 2.981499938964844e+02, 2.981499938964844e+02]
con1.y=[0e+00, 2.505207899957895e-03, 8.185607148334384e-04, 2.674469142220914e-04, 8.737971074879169e-05, 2.853303521987982e-05, 9.276664968638215e-06, 3.011193939528308e-06, 9.774338423085283e-07, 3.174654068516247e-07, 1.030302811955153e-07, 3.937478363513947e-01, 3.994495272636414e-01, 4.013127684593201e-01, 4.019219875335693e-01, 4.021211266517639e-01, 4.021861851215363e-01, 4.022074639797211e-01, 4.022144377231598e-01, 4.022167325019836e-01, 4.022174775600433e-01, 4.022177159786224e-01, 4.022178053855896e-01, 4.02217835187912e-01, 4.02217835187912e-01, 4.02217835187912e-01, 4.02217835187912e-01, 4.02217835187912e-01, 4.02217835187912e-01, 4.02217835187912e-01, 4.02217835187912e-01, 4.02217835187912e-01, 4.02217835187912e-01, 4.02217835187912e-01, 4.02217835187912e-01, 4.02217835187912e-01, 4.02217835187912e-01, 4.02217835187912e-01, 4.02217835187912e-01, 4.02217835187912e-01, 4.02217835187912e-01, 4.02217835187912e-01, 4.02217835187912e-01, 4.02217835187912e-01, 4.02217835187912e-01, 4.02217835187912e-01, 4.02217835187912e-01, 4.02217835187912e-01, 4.02217835187912e-01, 4.02217835187912e-01, 4.02217835187912e-01, 4.02217835187912e-01, 4.02217835187912e-01, 4.02217835187912e-01, 4.02217835187912e-01, 4.02217835187912e-01, 4.02217835187912e-01, 4.02217835187912e-01, 4.02217835187912e-01, 4.02217835187912e-01, 4.02217835187912e-01, 4.02217835187912e-01, 4.02217835187912e-01, 4.02217835187912e-01, 4.02217835187912e-01, 4.02217835187912e-01, 4.02217835187912e-01, 4.02217835187912e-01, 4.02217835187912e-01, 4.02217835187912e-01, 4.02217835187912e-01, 4.02217835187912e-01, 4.02217835187912e-01, 4.02217835187912e-01, 4.02217835187912e-01, 4.02217835187912e-01, 4.02217835187912e-01, 4.02217835187912e-01, 4.02217835187912e-01, 4.02217835187912e-01, 4.02217835187912e-01, 4.02217835187912e-01, 4.02217835187912e-01, 4.02217835187912e-01, 4.02217835187912e-01, 4.02217835187912e-01, 4.02217835187912e-01, 4.02217835187912e-01, 4.02217835187912e-01, 4.02217835187912e-01, 4.02217835187912e-01, 4.02217835187912e-01, 4.02217835187912e-01, 4.02217835187912e-01, 4.02217835187912e-01, 4.02217835187912e-01, 4.02217835187912e-01, 4.02217835187912e-01, 4.02217835187912e-01, 4.02217835187912e-01, 4.02217835187912e-01]
con2.y=[0e+00, 4.956390708684921e-03, 1.739308936521411e-03, 0e+00, 0e+00, 0e+00, 0e+00, 0e+00, 0e+00, 0e+00, 0e+00, 7.178775668144226e-01, 6.764244437217712e-01, 5.518075823783875e-01, 4.414851069450376e-01, 3.80314826965332e-01, 3.635158240795135e-01, 3.717120587825776e-01, 3.870730102062225e-01, 3.993841707706451e-01, 4.056037962436676e-01, 4.068578779697418e-01, 4.055642783641815e-01, 4.03713047504425e-01, 4.023593962192535e-01, 4.017415046691895e-01, 4.016715586185455e-01, 4.018538594245911e-01, 4.020702540874481e-01, 4.022190570831299e-01, 4.022815227508545e-01, 4.022826552391052e-01, 4.02258038520813e-01, 4.02233362197876e-01, 4.022176265716553e-01, 4.022100269794464e-01, 4.022093713283539e-01, 4.022128880023956e-01, 4.022168517112732e-01, 4.022191166877747e-01, 4.022194743156433e-01, 4.022187888622284e-01, 4.022180438041687e-01, 4.022179841995239e-01, 4.022185504436493e-01, 4.022198617458344e-01, 4.022204279899597e-01, 4.022207260131836e-01, 4.022197723388672e-01, 4.022182822227478e-01, 4.022169709205627e-01, 4.022160768508911e-01, 4.022164046764374e-01, 4.022173583507538e-01, 4.022186100482941e-01, 4.022194445133209e-01, 4.022193253040314e-01, 4.022185504436493e-01, 4.02217298746109e-01, 4.022164642810822e-01, 4.022162258625031e-01, 4.02216911315918e-01, 4.022181332111359e-01, 4.022189974784851e-01, 4.022195041179657e-01, 4.022189378738403e-01, 4.022178649902344e-01, 4.022168517112732e-01, 4.022161960601807e-01, 4.022166132926941e-01, 4.022175073623657e-01, 4.022186398506165e-01, 4.022193253040314e-01, 4.022192060947418e-01, 4.022184312343597e-01, 4.022172391414642e-01, 4.022165834903717e-01, 4.02216374874115e-01, 4.022170603275299e-01, 4.022181928157806e-01, 4.022189676761627e-01, 4.022193551063538e-01, 4.022187888622284e-01, 4.022177755832672e-01, 4.022168517112732e-01, 4.022163450717926e-01, 4.02216762304306e-01, 4.022175967693329e-01, 4.022186696529388e-01, 4.022192060947418e-01, 4.022190570831299e-01, 4.022183120250702e-01, 4.022172093391418e-01, 4.022166430950165e-01, 4.022164940834045e-01, 4.022171795368195e-01, 4.02218222618103e-01, 4.022189378738403e-01, 4.022192358970642e-01, 4.022186398506165e-01, 4.022177159786224e-01]
