last-generated=2024-07-24
statistics-simulation=
{
  "linear": " ",
  "nonlinear": "0",
  "number of continuous time states": "7",
  "numerical Jacobians": "0"
}
time=[0e+00, 3.6e+04]
limPID.u_s=[1e+00, 1e+00]
limPID.u_m=[3.000003099441528e-01, 3.381264507770538e-01, 3.762543201446533e-01, 4.143799841403961e-01, 4.525034427642822e-01, 4.906246960163116e-01, 5.287437438964844e-01, 5.66860556602478e-01, 6.04975163936615e-01, 6.430875658988953e-01, 6.811977624893188e-01, 7.193057537078857e-01, 7.574115395545959e-01, 7.955151200294495e-01, 8.336164951324464e-01, 8.717156648635864e-01, 9.098126292228699e-01, 9.479073286056519e-01, 9.859998822212219e-01, 1.022361993789673e+00, 1.052049398422241e+00, 1.073058247566223e+00, 1.084619998931885e+00, 1.087146639823914e+00, 1.082002997398376e+00, 1.071127772331238e+00, 1.056636691093445e+00, 1.04051148891449e+00, 1.024404287338257e+00, 1.009566783905029e+00, 9.968475699424744e-01, 9.867399334907532e-01, 9.794451594352722e-01, 9.749358296394348e-01, 9.730120897293091e-01, 9.733504056930542e-01, 9.755392074584961e-01, 9.791188836097717e-01, 9.836099147796631e-01, 9.885450601577759e-01, 9.934952855110168e-01, 9.980948567390442e-01, 1.002059102058411e+00, 1.005195260047913e+00, 1.007404804229736e+00, 1.008677005767822e+00, 1.009076237678528e+00, 1.008723855018616e+00, 1.007778882980347e+00, 1.006417632102966e+00, 1.004816651344299e+00, 1.003138899803162e+00, 1.00152325630188e+00, 1.000078916549683e+00, 9.98882532119751e-01, 9.979784488677979e-01, 9.973819851875305e-01, 9.970830082893372e-01, 9.970516562461853e-01, 9.972436428070068e-01, 9.976061582565308e-01, 9.980829358100891e-01, 9.98619019985199e-01, 9.991644620895386e-01, 9.99677300453186e-01, 1.000125050544739e+00, 1.000485897064209e+00, 1.000747799873352e+00, 1.000908732414246e+00, 1.000974059104919e+00, 1.000955700874329e+00, 1.000869393348694e+00, 1.000733613967896e+00, 1.000567078590393e+00, 1.00038743019104e+00, 1.000210404396057e+00, 1.000048518180847e+00, 9.999113082885742e-01, 9.998045563697815e-01, 9.997309446334839e-01, 9.99690055847168e-01, 9.996793866157532e-01, 9.99694287776947e-01, 9.997292160987854e-01, 9.997782111167908e-01, 9.998350739479065e-01, 9.99894380569458e-01, 9.99951183795929e-01, 1.000001668930054e+00, 1.000043272972107e+00, 1.00007438659668e+00, 1.000094532966614e+00, 1.000104188919067e+00, 1.000104427337646e+00, 1.000096917152405e+00, 1.000083446502686e+00, 1.000066161155701e+00, 1.000046968460083e+00, 1.000027656555176e+00, 1.000009536743164e+00, 9.999940395355225e-01]
limPID.y=[0e+00, 0e+00, 0e+00, 0e+00, 0e+00, 0e+00, 0e+00, 0e+00, 0e+00, 0e+00, 0e+00, 0e+00, 0e+00, 0e+00, 0e+00, 0e+00, 0e+00, 0e+00, 0e+00, 6.539512425661087e-02, 1.702080965042114e-01, 2.882191836833954e-01, 4.068942368030548e-01, 5.158569812774658e-01, 6.077365875244141e-01, 6.783319711685181e-01, 7.262663245201111e-01, 7.523788213729858e-01, 7.590417861938477e-01, 7.495728135108948e-01, 7.27740466594696e-01, 6.97401762008667e-01, 6.622397303581238e-01, 6.255784034729004e-01, 5.902556180953979e-01, 5.585426092147827e-01, 5.320913195610046e-01, 5.119303464889526e-01, 4.984823763370514e-01, 4.916234314441681e-01, 4.907662868499756e-01, 4.949707686901093e-01, 5.030665397644043e-01, 5.137810707092285e-01, 5.258550047874451e-01, 5.381401777267456e-01, 5.496726036071777e-01, 5.59715747833252e-01, 5.677779912948608e-01, 5.736058950424194e-01, 5.771599411964417e-01, 5.785779356956482e-01, 5.781317353248596e-01, 5.761829018592834e-01, 5.731393098831177e-01, 5.694173574447632e-01, 5.654099583625793e-01, 5.614625215530396e-01, 5.578559041023254e-01, 5.547974705696106e-01, 5.524182319641113e-01, 5.507767200469971e-01, 5.49866795539856e-01, 5.496291518211365e-01, 5.499650239944458e-01, 5.507498979568481e-01, 5.518474578857422e-01, 5.531217455863953e-01, 5.544473528862e-01, 5.557166934013367e-01, 5.568453669548035e-01, 5.577738285064697e-01, 5.584680438041687e-01, 5.589175820350647e-01, 5.591314435005188e-01, 5.591349601745605e-01, 5.589645504951477e-01, 5.586632490158081e-01, 5.582759976387024e-01, 5.578466653823853e-01, 5.574144124984741e-01, 5.570117831230164e-01, 5.566635727882385e-01, 5.5638587474823e-01, 5.561871528625488e-01, 5.56068480014801e-01, 5.560247898101807e-01, 5.560462474822998e-01, 5.561197400093079e-01, 5.562308430671692e-01, 5.563648343086243e-01, 5.565076470375061e-01, 5.566472411155701e-01, 5.567737817764282e-01, 5.568801760673523e-01, 5.569620132446289e-01, 5.5701744556427e-01, 5.570470094680786e-01, 5.570529699325562e-01, 5.570389628410339e-01, 5.570096373558044e-01]
conVolFlo.y=[0e+00, 0e+00, 0e+00, 0e+00, 0e+00, 0e+00, 0e+00, 0e+00, 0e+00, 0e+00, 0e+00, 0e+00, 0e+00, 0e+00, 0e+00, 0e+00, 0e+00, 0e+00, 0e+00, 2.760896682739258e+00, 7.1859450340271e+00, 1.216815185546875e+01, 1.717827987670898e+01, 2.177825736999512e+01, 2.565693092346191e+01, 2.863700866699219e+01, 3.066043663024902e+01, 3.176269149780273e+01, 3.204394912719727e+01, 3.164424514770508e+01, 3.07226619720459e+01, 2.944199752807617e+01, 2.795770645141602e+01, 2.641010284423828e+01, 2.491898536682129e+01, 2.358023452758789e+01, 2.246359443664551e+01, 2.161249160766602e+01, 2.104477882385254e+01, 2.075522422790527e+01, 2.071903800964355e+01, 2.089653396606445e+01, 2.123830223083496e+01, 2.169062042236328e+01, 2.220032691955566e+01, 2.271894645690918e+01, 2.320578765869141e+01, 2.362975692749023e+01, 2.397010231018066e+01, 2.421612548828125e+01, 2.436615753173828e+01, 2.442601776123047e+01, 2.440718269348145e+01, 2.432491111755371e+01, 2.41964282989502e+01, 2.4039306640625e+01, 2.387013816833496e+01, 2.37034969329834e+01, 2.355124473571777e+01, 2.342213249206543e+01, 2.332169342041016e+01, 2.325239753723145e+01, 2.32139835357666e+01, 2.320395469665527e+01, 2.321813201904297e+01, 2.325126457214355e+01, 2.329759788513184e+01, 2.335139274597168e+01, 2.340735244750977e+01, 2.346093940734863e+01, 2.350858497619629e+01, 2.354778099060059e+01, 2.357708549499512e+01, 2.35960636138916e+01, 2.36050910949707e+01, 2.360523986816406e+01, 2.359804534912109e+01, 2.358532524108887e+01, 2.356897926330566e+01, 2.355085563659668e+01, 2.353260612487793e+01, 2.351560974121094e+01, 2.350090980529785e+01, 2.348918724060059e+01, 2.348079681396484e+01, 2.347578811645508e+01, 2.347394371032715e+01, 2.347484970092773e+01, 2.347795295715332e+01, 2.348264312744141e+01, 2.34882984161377e+01, 2.349432945251465e+01, 2.350022125244141e+01, 2.350556373596191e+01, 2.351005363464355e+01, 2.351350784301758e+01, 2.351585006713867e+01, 2.351709747314453e+01, 2.351734733581543e+01, 2.351675796508789e+01, 2.35155200958252e+01]
conMasVolFra.V=[3.0000030528754e-04, 3.381264396011829e-04, 3.762543201446533e-04, 4.14379988797009e-04, 4.5250344555825e-04, 4.906246904283762e-04, 5.287437234073877e-04, 5.668605444952846e-04, 6.049751536920667e-04, 6.43087609205395e-04, 6.811977946199477e-04, 7.193057681433856e-04, 7.574115879833698e-04, 7.955151377245784e-04, 8.336165337823332e-04, 8.717156597413123e-04, 9.098126320168376e-04, 9.479073341935873e-04, 9.859999408945441e-04, 1.022362033836544e-03, 1.052049454301596e-03, 1.073058228939772e-03, 1.084620016627014e-03, 1.087146578356624e-03, 1.082003000192344e-03, 1.071127830073237e-03, 1.056636683642864e-03, 1.040511531755328e-03, 1.024404307827353e-03, 1.009566825814545e-03, 9.968475205823779e-04, 9.867399930953979e-04, 9.794451761990786e-04, 9.749358287081122e-04, 9.730121237225831e-04, 9.733503684401512e-04, 9.755392093211412e-04, 9.791188640519977e-04, 9.836099343374372e-04, 9.885450126603246e-04, 9.934953413903713e-04, 9.980949107557535e-04, 1.002059085294604e-03, 1.0051951976493e-03, 1.007404760457575e-03, 1.0086769470945e-03, 1.009076135233045e-03, 1.008723862469196e-03, 1.007778919301927e-03, 1.006417558528483e-03, 1.004816615022719e-03, 1.003138837404549e-03, 1.001523225568235e-03, 1.00007897708565e-03, 9.988825768232346e-04, 9.979784954339266e-04, 9.973819833248854e-04, 9.970830287784338e-04, 9.970515966415405e-04, 9.97243681922555e-04, 9.97606199234724e-04, 9.980829199776053e-04, 9.986190125346184e-04, 9.991645347326994e-04, 9.99677344225347e-04, 1.000125077553093e-03, 1.000485848635435e-03, 1.000747783109546e-03, 1.000908669084311e-03, 1.000974094495177e-03, 1.000955700874329e-03, 1.000869437120855e-03, 1.000733580440283e-03, 1.00056710653007e-03, 1.000387477688491e-03, 1.000210409983993e-03, 1.000048476271331e-03, 9.999113390222192e-04, 9.998045861721039e-04, 9.997308952733874e-04, 9.996900334954262e-04, 9.996793232858181e-04, 9.996943408623338e-04, 9.997292654588819e-04, 9.997781598940492e-04, 9.998350869864225e-04, 9.998943423852324e-04, 9.99951153062284e-04, 1.000001677311957e-03, 1.000043237581849e-03, 1.000074320472777e-03, 1.000094576738775e-03, 1.000104239210486e-03, 1.00010447204113e-03, 1.000096905045211e-03, 1.000083400867879e-03, 1.000066171400249e-03, 1.000046962872148e-03, 1.000027637928724e-03, 1.000009593553841e-03, 9.999939939007163e-04]
