last-generated=2024-07-24
statistics-simulation=
{
  "linear": " ",
  "nonlinear": "1",
  "number of continuous time states": "3",
  "numerical Jacobians": "0"
}
time=[0e+00, 3.1536e+07]
senTem.T=[2.931499938964844e+02, 2.721241149902344e+02, 2.514559020996094e+02, 2.749553833007812e+02, 2.752897033691406e+02, 2.748501281738281e+02, 2.680184631347656e+02, 2.625499877929688e+02, 2.559499969482422e+02, 2.705827331542969e+02, 2.609494934082031e+02, 2.712847900390625e+02, 2.72256591796875e+02, 2.720381774902344e+02, 2.639714660644531e+02, 2.7425e+02, 2.713695373535156e+02, 2.732698364257812e+02, 2.7875e+02, 2.804637756347656e+02, 2.725501098632812e+02, 2.804530639648438e+02, 2.735154418945312e+02, 2.737742919921875e+02, 2.856378784179688e+02, 2.764502258300781e+02, 2.732781677246094e+02, 2.810540161132812e+02, 2.796651611328125e+02, 2.987299194335938e+02, 2.809495849609375e+02, 2.825499877929688e+02, 2.815383911132812e+02, 2.886298217773438e+02, 2.888382873535156e+02, 2.842501525878906e+02, 2.879098205566406e+02, 2.791741638183594e+02, 2.911360473632812e+02, 2.938404541015625e+02, 2.825501098632812e+02, 3.021210021972656e+02, 2.913893737792969e+02, 3.000142211914062e+02, 2.889258117675781e+02, 2.914497985839844e+02, 2.8875e+02, 3.0375e+02, 2.797555847167969e+02, 2.962147827148438e+02, 2.959497375488281e+02, 2.957228393554688e+02, 2.929083557128906e+02, 3.001296997070312e+02, 2.9791015625e+02, 2.998503723144531e+02, 3.010234375e+02, 2.920499877929688e+02, 3.001724243164062e+02, 2.98227294921875e+02, 2.859501037597656e+02, 2.969177551269531e+02, 2.927781677246094e+02, 2.895787048339844e+02, 3.005044250488281e+02, 2.920497741699219e+02, 2.935903015136719e+02, 2.937061157226562e+02, 2.910377502441406e+02, 2.925613403320312e+02, 2.89249755859375e+02, 2.925499877929688e+02, 2.856875305175781e+02, 2.925940856933594e+02, 2.873388366699219e+02, 2.881499328613281e+02, 2.888508605957031e+02, 2.794696960449219e+02, 2.850623779296875e+02, 2.799443054199219e+02, 2.792501525878906e+02, 2.823743896484375e+02, 2.778875122070312e+02, 2.807869262695312e+02, 2.935285339355469e+02, 2.864501342773438e+02, 2.748500061035156e+02, 2.8400244140625e+02, 2.7540380859375e+02, 2.703080139160156e+02, 2.659499816894531e+02, 2.618322143554688e+02, 2.719844970703125e+02, 2.773252563476562e+02, 2.656997680664062e+02, 2.725497741699219e+02, 2.664148559570312e+02, 2.676314392089844e+02, 2.699958190917969e+02, 2.683116149902344e+02, 2.675001831054688e+02]
senMasFra.X=[9.999999776482582e-03, 3.122325520962477e-03, 3.440445871092379e-04, 3.512008814141154e-03, 2.463769167661667e-03, 3.357810666784644e-03, 2.008486539125443e-03, 8.566561155021191e-04, 6.286120624281466e-04, 2.316789468750358e-03, 7.602183031849563e-04, 2.588269533589482e-03, 2.250003628432751e-03, 1.959062181413174e-03, 1.352631952613592e-03, 2.970949746668339e-03, 2.319986000657082e-03, 3.376471810042858e-03, 4.214723128825426e-03, 5.772036965936422e-03, 2.396892290562391e-03, 2.101061167195439e-03, 2.557936357334256e-03, 3.471693489700556e-03, 5.141254048794508e-03, 4.624409135431051e-03, 2.612393815070391e-03, 5.075274035334587e-03, 5.972691811621189e-03, 1.082434970885515e-02, 3.256198018789291e-03, 5.586483050137758e-03, 6.793134845793247e-03, 7.119863294064999e-03, 4.839672707021236e-03, 3.090076148509979e-03, 5.293693393468857e-03, 4.80494974181056e-03, 7.916532456874847e-03, 7.377534173429012e-03, 4.066736437380314e-03, 1.339245494455099e-02, 8.334295824170113e-03, 1.098258979618549e-02, 8.108843117952347e-03, 1.092411950230598e-02, 7.655843626707792e-03, 9.597386233508587e-03, 3.744254121556878e-03, 1.086650229990482e-02, 1.063935365527868e-02, 1.31865506991744e-02, 7.559601217508316e-03, 1.301910355687141e-02, 1.773533597588539e-02, 1.061238627880812e-02, 1.530793309211731e-02, 1.274931151419878e-02, 1.501030568033457e-02, 1.898549683392048e-02, 7.296117022633553e-03, 1.192070171236992e-02, 1.301258895546198e-02, 9.803611785173416e-03, 1.684053801000118e-02, 1.093711238354445e-02, 1.037013810127974e-02, 8.504836820065975e-03, 1.05750085785985e-02, 9.490789845585823e-03, 8.473602123558521e-03, 1.297081541270018e-02, 8.160363882780075e-03, 8.166120387613773e-03, 8.512566797435284e-03, 6.519779097288847e-03, 6.301401648670435e-03, 4.451035056263208e-03, 6.538131274282932e-03, 5.301992874592543e-03, 4.581383429467678e-03, 4.089166410267353e-03, 4.156009759753942e-03, 5.062846466898918e-03, 1.138133555650711e-02, 9.05598234385252e-03, 2.9555584769696e-03, 3.844365710392594e-03, 2.814385574311018e-03, 1.774936448782682e-03, 1.572478096932173e-03, 1.226381398737431e-03, 2.579490887001157e-03, 3.334039123728871e-03, 1.538564916700125e-03, 2.934376709163189e-03, 1.453814096748829e-03, 2.023445907980204e-03, 1.69671606272459e-03, 2.373149385675788e-03, 1.716341357678175e-03]
senRelHum.phi=[5e-01, 9.042378067970276e-01, 6.39189600944519e-01, 8.199999928474426e-01, 5.620055794715881e-01, 7.90011465549469e-01, 8.22615921497345e-01, 5.661154985427856e-01, 7.599999904632568e-01, 7.634302973747253e-01, 5.800138711929321e-01, 8.040750026702881e-01, 6.447947025299072e-01, 5.717806816101074e-01, 7.877496480941772e-01, 7.299988269805908e-01, 7.157644033432007e-01, 8.899999856948853e-01, 7.525690793991089e-01, 9.148651361465454e-01, 6.699926257133484e-01, 3.340027630329132e-01, 6.624066233634949e-01, 8.820917010307312e-01, 5.760958790779114e-01, 9.699987173080444e-01, 6.884852051734924e-01, 7.729535698890686e-01, 1e+00, 5.338967442512512e-01, 5.000072121620178e-01, 7.685593962669373e-01, 1e+00, 6.56241238117218e-01, 4.407640397548676e-01, 3.799973428249359e-01, 5.115852355957031e-01, 8.327925205230713e-01, 6.219889521598816e-01, 4.900138974189758e-01, 5.599914789199829e-01, 5.407581925392151e-01, 6.443113088607788e-01, 5.021138787269592e-01, 7.32917845249176e-01, 8.400152325630188e-01, 6.99999988079071e-01, 3.537026345729828e-01, 6.233835816383362e-01, 6.230841875076294e-01, 6.20011568069458e-01, 7.778879404067993e-01, 5.318230390548706e-01, 5.904666781425476e-01, 9.146806597709656e-01, 4.89987850189209e-01, 6.580055356025696e-01, 9.431782960891724e-01, 6.78256094455719e-01, 9.600969552993774e-01, 7.999979853630066e-01, 6.547479033470154e-01, 9.198355078697205e-01, 8.490427732467651e-01, 7.45474636554718e-01, 8.100110292434692e-01, 6.982326507568359e-01, 5.691959857940674e-01, 8.34676206111908e-01, 6.814187169075012e-01, 7.500262856483459e-01, 9.300000071525574e-01, 9.098289608955383e-01, 5.85605800151825e-01, 8.519916534423828e-01, 6.199780106544495e-01, 5.729218721389771e-01, 7.560104131698608e-01, 7.603222131729126e-01, 8.711153864860535e-01, 7.899876236915588e-01, 5.697740912437439e-01, 7.881025671958923e-01, 7.852515578269958e-01, 7.687603235244751e-01, 9.599941968917847e-01, 6.955474019050598e-01, 4.803869128227234e-01, 6.366337537765503e-01, 5.987301468849182e-01, 7.700130343437195e-01, 8.639707565307617e-01, 7.559916377067566e-01, 6.579852700233459e-01, 7.699999809265137e-01, 8.199946284294128e-01, 6.838138103485107e-01, 8.566914796829224e-01, 5.876175165176392e-01, 9.47726309299469e-01, 7.350124716758728e-01]
