last-generated=2024-07-24
statistics-initialization=
{
  "nonlinear": "7, 7",
  "numerical Jacobians": "0"
}
statistics-simulation=
{
  "linear": "0, 0, 0, 0, 0, 0, 0, 0, 0, 0, 0, 0, 4, 0, 0, 0, 0, 0, 0, 4, 0, 0, 0, 0",
  "nonlinear": "1",
  "number of continuous time states": "55",
  "numerical Jacobians": "0"
}
time=[1e+07, 1.1e+07]
rectangularZoneTemplate.TSensor=[2.931499938964844e+02, 2.930039367675781e+02, 2.92739990234375e+02, 2.924757080078125e+02, 2.922176513671875e+02, 2.920092468261719e+02, 2.920477600097656e+02, 2.922214050292969e+02, 2.922917785644531e+02, 2.921795043945312e+02, 2.919459228515625e+02, 2.916846008300781e+02, 2.914097595214844e+02, 2.911256408691406e+02, 2.910140991210938e+02, 2.911462707519531e+02, 2.912627563476562e+02, 2.913248901367188e+02, 2.912549743652344e+02, 2.910437622070312e+02, 2.907589721679688e+02, 2.904379272460938e+02, 2.903420104980469e+02, 2.905175476074219e+02, 2.908958740234375e+02, 2.911962280273438e+02, 2.912282104492188e+02, 2.910751953125e+02, 2.908663635253906e+02, 2.906539306640625e+02, 2.904592590332031e+02, 2.904026489257812e+02, 2.905100402832031e+02, 2.907518310546875e+02, 2.909425354003906e+02, 2.909057006835938e+02, 2.906735534667969e+02, 2.903838806152344e+02, 2.900813903808594e+02, 2.899050598144531e+02, 2.899708862304688e+02, 2.902565307617188e+02, 2.905280456542969e+02, 2.905489807128906e+02, 2.903394470214844e+02, 2.900744934082031e+02, 2.897873840332031e+02, 2.894874572753906e+02, 2.894869995117188e+02, 2.895917358398438e+02, 2.898366088867188e+02, 2.900360107421875e+02, 2.901494140625e+02, 2.900838317871094e+02, 2.8985693359375e+02, 2.895382995605469e+02, 2.892677917480469e+02, 2.893849487304688e+02, 2.898447265625e+02, 2.903653869628906e+02, 2.907149963378906e+02, 2.907649230957031e+02, 2.906058654785156e+02, 2.904526977539062e+02, 2.902609252929688e+02, 2.902378845214844e+02, 2.903600463867188e+02, 2.906846313476562e+02, 2.909261779785156e+02, 2.91071533203125e+02, 2.91018310546875e+02, 2.90746826171875e+02, 2.904315490722656e+02, 2.9011279296875e+02, 2.90189208984375e+02, 2.904451293945312e+02, 2.90857666015625e+02, 2.911852722167969e+02, 2.913223571777344e+02, 2.912042541503906e+02, 2.909781494140625e+02, 2.907371826171875e+02, 2.905590209960938e+02, 2.907212829589844e+02, 2.911282348632812e+02, 2.915296630859375e+02, 2.918349609375e+02, 2.920791320800781e+02, 2.919815673828125e+02, 2.917726745605469e+02, 2.915701904296875e+02, 2.916798400878906e+02, 2.919069519042969e+02, 2.924501037597656e+02, 2.929132080078125e+02, 2.932299194335938e+02, 2.934248962402344e+02, 2.932297668457031e+02, 2.930775451660156e+02, 2.929480285644531e+02, 2.932099609375e+02]
rectangularZoneTemplate1.TSensor=[2.931499938964844e+02, 2.929853820800781e+02, 2.926888732910156e+02, 2.923829345703125e+02, 2.920823059082031e+02, 2.9184375e+02, 2.92489990234375e+02, 2.940686340332031e+02, 2.942215576171875e+02, 2.936217651367188e+02, 2.932068176269531e+02, 2.928388671875e+02, 2.924635009765625e+02, 2.9207958984375e+02, 2.919456176757812e+02, 2.925972290039062e+02, 2.933560791015625e+02, 2.934466857910156e+02, 2.930061950683594e+02, 2.926666259765625e+02, 2.922637939453125e+02, 2.918223876953125e+02, 2.915101013183594e+02, 2.920303649902344e+02, 2.937485961914062e+02, 2.938834228515625e+02, 2.936091613769531e+02, 2.932661437988281e+02, 2.929230041503906e+02, 2.925817565917969e+02, 2.922629699707031e+02, 2.921040344238281e+02, 2.922637634277344e+02, 2.926719970703125e+02, 2.930717468261719e+02, 2.927769775390625e+02, 2.924025268554688e+02, 2.919914855957031e+02, 2.915645751953125e+02, 2.912102355957031e+02, 2.913677062988281e+02, 2.926576538085938e+02, 2.937122192382812e+02, 2.933567199707031e+02, 2.927986145019531e+02, 2.923634338378906e+02, 2.919231567382812e+02, 2.91472412109375e+02, 2.911995544433594e+02, 2.918175659179688e+02, 2.93614013671875e+02, 2.945410766601562e+02, 2.939974975585938e+02, 2.935625915527344e+02, 2.931405029296875e+02, 2.926258239746094e+02, 2.92110107421875e+02, 2.920380249023438e+02, 2.9357080078125e+02, 2.951006774902344e+02, 2.953426208496094e+02, 2.948335876464844e+02, 2.944442138671875e+02, 2.941019897460938e+02, 2.937199401855469e+02, 2.933755187988281e+02, 2.936424255371094e+02, 2.952974853515625e+02, 2.964753723144531e+02, 2.961349182128906e+02, 2.955540161132812e+02, 2.950316162109375e+02, 2.944737548828125e+02, 2.939164428710938e+02, 2.93616455078125e+02, 2.945162048339844e+02, 2.962239685058594e+02, 2.965072021484375e+02, 2.961400146484375e+02, 2.956853942871094e+02, 2.952289428710938e+02, 2.947595825195312e+02, 2.9426708984375e+02, 2.942654113769531e+02, 2.95808837890625e+02, 2.974438781738281e+02, 2.976403198242188e+02, 2.971167297363281e+02, 2.967642517089844e+02, 2.963406372070312e+02, 2.95906005859375e+02, 2.955897521972656e+02, 2.96058349609375e+02, 2.979782409667969e+02, 2.992280578613281e+02, 2.989491882324219e+02, 2.985751342773438e+02, 2.981796569824219e+02, 2.978096313476562e+02, 2.974460144042969e+02, 2.973441467285156e+02]
