last-generated=2024-07-24
statistics-initialization=
{
  "nonlinear": "1, 1, 1, 1",
  "numerical Jacobians": "0"
}
statistics-simulation=
{
  "linear": " ",
  "nonlinear": "0, 0, 0, 0, 0, 0, 0",
  "number of continuous time states": "20",
  "numerical Jacobians": "0"
}
time=[0e+00, 6e+02]
C.C=[0e+00, 8.298158645629883e-03, 8.298158645629883e-03, 8.298158645629883e-03, 8.298158645629883e-03, 8.298158645629883e-03, 8.298158645629883e-03, 8.298158645629883e-03, 8.298158645629883e-03, 8.298158645629883e-03, 8.298158645629883e-03, 8.298158645629883e-03, 8.298158645629883e-03, 8.298158645629883e-03, 8.298158645629883e-03, 8.298158645629883e-03, 8.298158645629883e-03, 8.298158645629883e-03, 8.298158645629883e-03, 8.298158645629883e-03, 8.298158645629883e-03, 8.298158645629883e-03, 8.298158645629883e-03, 8.298158645629883e-03, 8.298158645629883e-03, 8.298158645629883e-03, 8.298158645629883e-03, 8.298158645629883e-03, 8.298158645629883e-03, 8.298158645629883e-03, 8.298158645629883e-03, 8.298158645629883e-03, 8.298158645629883e-03, 8.298158645629883e-03, 8.298158645629883e-03, 8.298158645629883e-03, 8.298158645629883e-03, 8.298158645629883e-03, 8.298158645629883e-03, 8.298158645629883e-03, 8.298158645629883e-03, 8.298158645629883e-03, 8.298158645629883e-03, 8.298158645629883e-03, 8.298158645629883e-03, 8.298158645629883e-03, 8.298158645629883e-03, 8.298158645629883e-03, 8.298158645629883e-03, 8.298158645629883e-03, 8.298158645629883e-03, 8.298158645629883e-03, 8.298158645629883e-03, 8.298158645629883e-03, 8.298158645629883e-03, 8.298158645629883e-03, 8.298158645629883e-03, 8.298158645629883e-03, 8.298158645629883e-03, 8.298158645629883e-03, 8.298158645629883e-03, 8.298158645629883e-03, 8.298158645629883e-03, 8.298158645629883e-03, 8.298158645629883e-03, 8.298158645629883e-03, 8.298158645629883e-03, 8.298158645629883e-03, 8.298158645629883e-03, 8.298158645629883e-03, 8.298158645629883e-03, 8.298158645629883e-03, 8.298158645629883e-03, 8.298158645629883e-03, 8.298158645629883e-03, 8.298158645629883e-03, 8.298158645629883e-03, 8.298158645629883e-03, 8.298158645629883e-03, 8.298158645629883e-03, 8.298158645629883e-03, 8.298158645629883e-03, 8.298158645629883e-03, 8.298158645629883e-03, 8.298158645629883e-03, 8.298158645629883e-03, 8.298158645629883e-03, 8.298158645629883e-03, 8.298158645629883e-03, 8.298158645629883e-03, 8.298158645629883e-03, 8.298158645629883e-03, 8.298158645629883e-03, 8.298158645629883e-03, 8.298158645629883e-03, 8.298158645629883e-03, 8.298158645629883e-03, 8.298158645629883e-03, 8.298158645629883e-03, 8.298158645629883e-03, 8.298158645629883e-03]
C1.C=[0e+00, 8.298158645629883e-03, 8.298158645629883e-03, 8.298158645629883e-03, 8.298158645629883e-03, 8.298158645629883e-03, 8.298158645629883e-03, 8.298158645629883e-03, 8.298158645629883e-03, 8.298158645629883e-03, 8.298158645629883e-03, 8.298158645629883e-03, 8.298158645629883e-03, 8.298158645629883e-03, 8.298158645629883e-03, 8.298158645629883e-03, 8.298158645629883e-03, 8.298158645629883e-03, 8.298158645629883e-03, 8.298158645629883e-03, 8.298158645629883e-03, 8.298158645629883e-03, 8.298158645629883e-03, 8.298158645629883e-03, 8.298158645629883e-03, 8.298158645629883e-03, 8.298158645629883e-03, 8.298158645629883e-03, 8.298158645629883e-03, 8.298158645629883e-03, 8.298158645629883e-03, 8.298158645629883e-03, 8.298158645629883e-03, 8.298158645629883e-03, 8.298158645629883e-03, 8.298158645629883e-03, 8.298158645629883e-03, 8.298158645629883e-03, 8.298158645629883e-03, 8.298158645629883e-03, 8.298158645629883e-03, 8.298158645629883e-03, 8.298158645629883e-03, 8.298158645629883e-03, 8.298158645629883e-03, 8.298158645629883e-03, 8.298158645629883e-03, 8.298158645629883e-03, 8.298158645629883e-03, 8.298158645629883e-03, 8.298158645629883e-03, 8.298158645629883e-03, 8.298158645629883e-03, 8.298158645629883e-03, 8.298158645629883e-03, 8.298158645629883e-03, 8.298158645629883e-03, 8.298158645629883e-03, 8.298158645629883e-03, 8.298158645629883e-03, 8.298158645629883e-03, 8.298158645629883e-03, 8.298158645629883e-03, 8.298158645629883e-03, 8.298158645629883e-03, 8.298158645629883e-03, 8.298158645629883e-03, 8.298158645629883e-03, 8.298158645629883e-03, 8.298158645629883e-03, 8.298158645629883e-03, 8.298158645629883e-03, 8.298158645629883e-03, 8.298158645629883e-03, 8.298158645629883e-03, 8.298158645629883e-03, 8.298158645629883e-03, 8.298158645629883e-03, 8.298158645629883e-03, 8.298158645629883e-03, 8.298158645629883e-03, 8.298158645629883e-03, 8.298158645629883e-03, 8.298158645629883e-03, 8.298158645629883e-03, 8.298158645629883e-03, 8.298158645629883e-03, 8.298158645629883e-03, 8.298158645629883e-03, 8.298158645629883e-03, 8.298158645629883e-03, 8.298158645629883e-03, 8.298158645629883e-03, 8.298158645629883e-03, 8.298158645629883e-03, 8.298158645629883e-03, 8.298158645629883e-03, 8.298158645629883e-03, 8.298158645629883e-03, 8.298158645629883e-03, 8.298158645629883e-03]
vol4.C[1]=[0e+00, 7.618419360369444e-03, 6.953682284802198e-03, 6.34702667593956e-03, 5.793303716927767e-03, 5.287882871925831e-03, 4.826550837606192e-03, 4.405475221574306e-03, 4.021138418465853e-03, 3.670320846140385e-03, 3.350096056237817e-03, 3.057787660509348e-03, 2.7909514028579e-03, 2.547420561313629e-03, 2.325154608115553e-03, 2.122290432453156e-03, 1.937125925906003e-03, 1.768096582964062e-03, 1.613808562979102e-03, 1.472988747991621e-03, 1.344463089480996e-03, 1.227155211381614e-03, 1.120084431022406e-03, 1.022356213070452e-03, 9.331544279120862e-04, 8.517331443727016e-04, 7.77416629716754e-04, 7.095849141478539e-04, 6.476712878793475e-04, 5.911598564125597e-04, 5.395798361860216e-04, 4.925004323013127e-04, 4.495279572438449e-04, 4.103054525330663e-04, 3.745050635188816e-04, 3.418247797526419e-04, 3.119971952401102e-04, 2.847666328307241e-04, 2.599134168121964e-04, 2.372299350099638e-04, 2.165262267226353e-04, 1.976329367607833e-04, 1.803899504011497e-04, 1.646525633987039e-04, 1.502905070083216e-04, 1.371802354697138e-04, 1.252142537850887e-04, 1.142911714850925e-04, 1.043200536514632e-04, 9.521846368443221e-05, 8.691080438438803e-05, 7.932801236165687e-05, 7.240724517032504e-05, 6.609253614442423e-05, 6.033034151187167e-05, 5.507086098077707e-05, 5.02706934639718e-05, 4.589579111780044e-05, 4.190366962575354e-05, 3.825684325420298e-05, 3.492786345304921e-05, 3.189503695466556e-05, 2.91255291813286e-05, 2.659256824699696e-05, 2.427990511932876e-05, 2.217051587649621e-05, 2.024301466008183e-05, 1.848021020123269e-05, 1.687061376287601e-05, 1.540091579954607e-05, 1.405848524882458e-05, 1.283235724258702e-05, 1.171329768112628e-05, 1.069193240255117e-05, 9.759692147781607e-06, 8.908601557777729e-06, 8.133027222356759e-06, 7.425469902955228e-06, 6.779403975087916e-06, 6.189057330630021e-06, 5.65149957765243e-06, 5.160719410923771e-06, 4.712096597359054e-06, 4.301913122617407e-06, 3.927887519239448e-06, 3.586144657674595e-06, 3.273781658208463e-06, 2.988341975651565e-06, 2.727697619775427e-06, 2.489671260264004e-06, 2.272393203384127e-06, 2.074096755677601e-06, 1.893179501166742e-06, 1.728182951410417e-06, 1.577711714162433e-06, 1.440426331100753e-06, 1.315016561420634e-06, 1.201194777422643e-06, 1.098038865166018e-06, 1.00419606496871e-06, 9.186400689031871e-07]
C2.C=[0e+00, 3.495828423183411e-04, 6.587911630049348e-04, 9.257913334295154e-04, 1.155013800598681e-03, 1.350411330349743e-03, 1.51555216871202e-03, 1.653653336688876e-03, 1.767641399055719e-03, 1.860171556472778e-03, 1.933632185682654e-03, 1.99018488638103e-03, 2.031783107668161e-03, 2.060126978904009e-03, 2.076808363199234e-03, 2.083261264488101e-03, 2.080778358504176e-03, 2.070531481876969e-03, 2.05354206264019e-03, 2.030726987868547e-03, 2.002919325605035e-03, 1.970869721844792e-03, 1.935247099027038e-03, 1.896648784168065e-03, 1.855606911703944e-03, 1.812595641240478e-03, 1.768031623214483e-03, 1.722287270240486e-03, 1.675692503340542e-03, 1.628536963835359e-03, 1.581075601279736e-03, 1.533532864414155e-03, 1.486105029471219e-03, 1.438960898667574e-03, 1.392248086631298e-03, 1.34609651286155e-03, 1.300609786994755e-03, 1.255885697901249e-03, 1.211995026096702e-03, 1.169002149254084e-03, 1.126959919929504e-03, 1.085907453671098e-03, 1.045879675075412e-03, 1.006901962682605e-03, 9.689904982224107e-04, 9.321595425717533e-04, 8.964127046056092e-04, 8.617517887614667e-04, 8.281726040877402e-04, 7.956671179272234e-04, 7.642240962013602e-04, 7.338298019021749e-04, 7.044681115075946e-04, 6.761195254512131e-04, 6.487652426585555e-04, 6.223859381861985e-04, 5.969590274617074e-04, 5.724564543925228e-04, 5.488597671501338e-04, 5.26148360222578e-04, 5.042952252551913e-04, 4.832703853026032e-04, 4.630555049516261e-04, 4.436289018485695e-04, 4.249618505127728e-04, 4.070279537700117e-04, 3.898061986546963e-04, 3.732735640369356e-04, 3.574041184037922e-04, 3.421746951062234e-04, 3.275629132986069e-04, 3.135463630314916e-04, 3.001031000167131e-04, 2.87211878458038e-04, 2.74852238362655e-04, 2.630043309181929e-04, 2.516478998586535e-04, 2.407647698419169e-04, 2.303372311871499e-04, 2.203478798037395e-04, 2.107781474478543e-04, 2.016125799855217e-04, 1.928355632117019e-04, 1.844315993366763e-04, 1.763849577400833e-04, 1.686816976871341e-04, 1.613078638911247e-04, 1.542499958304688e-04, 1.474950986448675e-04, 1.410305412719026e-04, 1.348442165181041e-04, 1.289248320972547e-04, 1.232614013133571e-04, 1.178430102299899e-04, 1.126593342632987e-04, 1.077004053513519e-04, 1.029566265060566e-04, 9.841931750997901e-05, 9.407978359377012e-05, 8.992941729957238e-05, 8.596014231443405e-05]
C3.C=[0e+00, 3.495828423183411e-04, 6.587911630049348e-04, 9.257913334295154e-04, 1.155013800598681e-03, 1.350411330349743e-03, 1.51555216871202e-03, 1.653653336688876e-03, 1.767641399055719e-03, 1.860171556472778e-03, 1.933632185682654e-03, 1.99018488638103e-03, 2.031783107668161e-03, 2.060126978904009e-03, 2.076808363199234e-03, 2.083261264488101e-03, 2.080778358504176e-03, 2.070531481876969e-03, 2.05354206264019e-03, 2.030726987868547e-03, 2.002919325605035e-03, 1.970869721844792e-03, 1.935247099027038e-03, 1.896648784168065e-03, 1.855606911703944e-03, 1.812595641240478e-03, 1.768031623214483e-03, 1.722287270240486e-03, 1.675692503340542e-03, 1.628536963835359e-03, 1.581075601279736e-03, 1.533532864414155e-03, 1.486105029471219e-03, 1.438960898667574e-03, 1.392248086631298e-03, 1.34609651286155e-03, 1.300609786994755e-03, 1.255885697901249e-03, 1.211995026096702e-03, 1.169002149254084e-03, 1.126959919929504e-03, 1.085907453671098e-03, 1.045879675075412e-03, 1.006901962682605e-03, 9.689904982224107e-04, 9.321595425717533e-04, 8.964127046056092e-04, 8.617517887614667e-04, 8.281726040877402e-04, 7.956671179272234e-04, 7.642240962013602e-04, 7.338298019021749e-04, 7.044681115075946e-04, 6.761195254512131e-04, 6.487652426585555e-04, 6.223859381861985e-04, 5.969590274617074e-04, 5.724564543925228e-04, 5.488597671501338e-04, 5.26148360222578e-04, 5.042952252551913e-04, 4.832703853026032e-04, 4.630555049516261e-04, 4.436289018485695e-04, 4.249618505127728e-04, 4.070279537700117e-04, 3.898061986546963e-04, 3.732735640369356e-04, 3.574041184037922e-04, 3.421746951062234e-04, 3.275629132986069e-04, 3.135463630314916e-04, 3.001031000167131e-04, 2.87211878458038e-04, 2.74852238362655e-04, 2.630043309181929e-04, 2.516478998586535e-04, 2.407647698419169e-04, 2.303372311871499e-04, 2.203478798037395e-04, 2.107781474478543e-04, 2.016125799855217e-04, 1.928355632117019e-04, 1.844315993366763e-04, 1.763849577400833e-04, 1.686816976871341e-04, 1.613078638911247e-04, 1.542499958304688e-04, 1.474950986448675e-04, 1.410305412719026e-04, 1.348442165181041e-04, 1.289248320972547e-04, 1.232614013133571e-04, 1.178430102299899e-04, 1.126593342632987e-04, 1.077004053513519e-04, 1.029566265060566e-04, 9.841931750997901e-05, 9.407978359377012e-05, 8.992941729957238e-05, 8.596014231443405e-05]
