last-generated=2024-07-24
statistics-simulation=
{
  "linear": "0, 0, 0, 0, 0, 0, 0, 0, 0, 0, 0, 0, 0, 0, 0, 0, 0, 0, 0, 0",
  "nonlinear": " ",
  "number of continuous time states": "43",
  "numerical Jacobians": "0"
}
time=[0e+00, 2.6784e+06]
hea.sta_a.T=[2.806499938964844e+02, 2.922160034179688e+02, 2.923302612304688e+02, 2.923696899414062e+02, 2.923927001953125e+02, 2.924092407226562e+02, 2.924220581054688e+02, 2.924325256347656e+02, 2.924412231445312e+02, 2.924489135742188e+02, 2.924556579589844e+02, 2.924615478515625e+02, 2.924669189453125e+02, 2.924718017578125e+02, 2.924761962890625e+02, 2.92480224609375e+02, 2.924838562011719e+02, 2.924874877929688e+02, 2.924907836914062e+02, 2.924938049316406e+02, 2.92496826171875e+02, 2.9249951171875e+02, 2.925020446777344e+02, 2.925045776367188e+02, 2.925068359375e+02, 2.925090637207031e+02, 2.925112609863281e+02, 2.925132446289062e+02, 2.925151672363281e+02, 2.9251708984375e+02, 2.925187377929688e+02, 2.925203857421875e+02, 2.925220031738281e+02, 2.92523681640625e+02, 2.925253295898438e+02, 2.925268859863281e+02, 2.925282592773438e+02, 2.925296630859375e+02, 2.925310363769531e+02, 2.925324401855469e+02, 2.925338439941406e+02, 2.925350952148438e+02, 2.925362548828125e+02, 2.925374450683594e+02, 2.925386352539062e+02, 2.925398254394531e+02, 2.92541015625e+02, 2.925420837402344e+02, 2.925431518554688e+02, 2.925442199707031e+02, 2.925452880859375e+02, 2.9254638671875e+02, 2.925474243164062e+02, 2.925484008789062e+02, 2.925493469238281e+02, 2.9255029296875e+02, 2.9255126953125e+02, 2.9255224609375e+02, 2.925531616210938e+02, 2.925540161132812e+02, 2.925548706054688e+02, 2.925557250976562e+02, 2.925565795898438e+02, 2.925574340820312e+02, 2.925582885742188e+02, 2.925591735839844e+02, 2.925600280761719e+02, 2.925608825683594e+02, 2.92561767578125e+02, 2.925626220703125e+02, 2.925634155273438e+02, 2.925641784667969e+02, 2.925649719238281e+02, 2.925657348632812e+02, 2.925665283203125e+02, 2.925672912597656e+02, 2.925680847167969e+02, 2.925688781738281e+02, 2.925696411132812e+02, 2.925704345703125e+02, 2.925712280273438e+02, 2.925719604492188e+02, 2.925726928710938e+02, 2.925733947753906e+02, 2.925740966796875e+02, 2.925748291015625e+02, 2.925755310058594e+02, 2.925762634277344e+02, 2.925769653320312e+02, 2.925776977539062e+02, 2.925783996582031e+02, 2.925791320800781e+02, 2.92579833984375e+02, 2.925805358886719e+02, 2.925812072753906e+02, 2.925819091796875e+02, 2.925825805664062e+02, 2.92583251953125e+02, 2.925839538574219e+02, 2.925846252441406e+02, 2.925853271484375e+02]
borFie.groTemRes.delTBor=[0e+00, 1.582088947296143e+00, 2.266522884368896e+00, 2.631444931030273e+00, 2.874530553817749e+00, 3.059149980545044e+00, 3.203454256057739e+00, 3.324795961380005e+00, 3.425087690353394e+00, 3.514898538589478e+00, 3.595549583435059e+00, 3.664223670959473e+00, 3.72742748260498e+00, 3.785901069641113e+00, 3.838680744171143e+00, 3.885380506515503e+00, 3.929892301559448e+00, 3.974364757537842e+00, 4.012280941009521e+00, 4.049271106719971e+00, 4.086322784423828e+00, 4.117305278778076e+00, 4.148432731628418e+00, 4.17911958694458e+00, 4.206135749816895e+00, 4.233321189880371e+00, 4.259656429290771e+00, 4.283429622650146e+00, 4.30734920501709e+00, 4.329700946807861e+00, 4.349660396575928e+00, 4.369785785675049e+00, 4.39004373550415e+00, 4.410402297973633e+00, 4.430831909179688e+00, 4.448824405670166e+00, 4.465674877166748e+00, 4.482652187347412e+00, 4.499733448028564e+00, 4.516894340515137e+00, 4.534116268157959e+00, 4.548614978790283e+00, 4.563014030456543e+00, 4.577517986297607e+00, 4.592106342315674e+00, 4.606760025024414e+00, 4.621128082275391e+00, 4.634118556976318e+00, 4.647194385528564e+00, 4.660340309143066e+00, 4.673542022705078e+00, 4.686788082122803e+00, 4.699309825897217e+00, 4.710995674133301e+00, 4.72274923324585e+00, 4.734558582305908e+00, 4.746413707733154e+00, 4.758305072784424e+00, 4.769086360931396e+00, 4.779491901397705e+00, 4.789958477020264e+00, 4.800476551055908e+00, 4.81103515625e+00, 4.821627140045166e+00, 4.832246780395508e+00, 4.842889308929443e+00, 4.853549480438232e+00, 4.864225387573242e+00, 4.874914169311523e+00, 4.885290622711182e+00, 4.894737720489502e+00, 4.904229164123535e+00, 4.913755893707275e+00, 4.923311233520508e+00, 4.932888984680176e+00, 4.942484855651855e+00, 4.952095985412598e+00, 4.961717128753662e+00, 4.971348285675049e+00, 4.980986595153809e+00, 4.99062967300415e+00, 4.999527454376221e+00, 5.008245944976807e+00, 5.016991138458252e+00, 5.0257568359375e+00, 5.034539699554443e+00, 5.043335914611816e+00, 5.052141666412354e+00, 5.060955047607422e+00, 5.069774150848389e+00, 5.078598022460938e+00, 5.087423801422119e+00, 5.09611177444458e+00, 5.104503154754639e+00, 5.112906932830811e+00, 5.12131929397583e+00, 5.129739761352539e+00, 5.138165473937988e+00, 5.146593570709229e+00, 5.155023574829102e+00, 5.163454055786133e+00]
