last-generated=2024-07-24
statistics-simulation=
{
  "linear": " ",
  "nonlinear": "0",
  "number of continuous time states": "4",
  "numerical Jacobians": "0"
}
time=[0e+00, 1e+01]
vol.Xi[1]=[9.999999776482582e-03, 1.565525861187383e-02, 1.810872177149324e-02, 1.917697480377627e-02, 1.964177561856996e-02, 1.984395645558834e-02, 1.993196269895095e-02, 1.997033506902301e-02, 1.998706161836861e-02, 1.999436505242124e-02, 1.999755203723907e-02, 1.99989434329324e-02, 1.999955065527992e-02, 1.999980770058585e-02, 1.999991945923929e-02, 1.999997347593307e-02, 1.999999582767042e-02, 2.000000141561031e-02, 1.999999955296516e-02, 1.999999769031779e-02, 1.999999210238457e-02, 1.999999210238457e-02, 1.999999210238457e-02, 1.999999210238457e-02, 1.999999396502972e-02, 1.999999582767487e-02, 1.999999769032001e-02, 1.999999955296516e-02, 1.999999955296516e-02, 1.999999955296516e-02, 2.000000141561031e-02, 2.000000141560143e-02, 1.999999955296516e-02, 1.999999955296516e-02, 1.999999955296516e-02, 1.999999955296516e-02, 1.999999955296516e-02, 1.999999955296516e-02, 1.999999955296516e-02, 1.999999955296516e-02, 1.999999955296516e-02, 1.999999955296516e-02, 1.999999955296516e-02, 1.999999955296516e-02, 1.999999955296516e-02, 1.999999955296516e-02, 1.999999955296516e-02, 1.999999955296516e-02, 1.999999955296516e-02, 1.999999955296516e-02, 1.999999955296516e-02, 1.999999955296516e-02, 1.999999955296516e-02, 1.999999955296516e-02, 1.999999955296516e-02, 1.999999955296516e-02, 1.999999955296516e-02, 1.999999955296516e-02, 1.999999955296516e-02, 1.999999955296516e-02, 1.999999955296516e-02, 1.999999955296516e-02, 1.999999955296516e-02, 1.999999955296516e-02, 1.999999955296516e-02, 1.999999955296516e-02, 1.999999955296516e-02, 1.999999955296516e-02, 1.999999955296516e-02, 1.999999955296516e-02, 1.999999955296516e-02, 1.999999955296516e-02, 1.999999955296516e-02, 1.999999955296516e-02, 1.999999955296516e-02, 1.999999955296516e-02, 1.999999955296516e-02, 1.999999955296516e-02, 1.999999955296516e-02, 1.999999955296516e-02, 1.999999955296516e-02, 1.999999955296516e-02, 1.999999955296516e-02, 1.999999955296516e-02, 1.999999955296516e-02, 1.999999955296516e-02, 1.999999955296516e-02, 1.999999955296516e-02, 1.999999955296516e-02, 1.999999955296516e-02, 1.999999955296516e-02, 1.999999955296516e-02, 1.999999955296516e-02, 1.999999955296516e-02, 1.999999955296516e-02, 1.999999955296516e-02, 1.999999955296516e-02, 1.999999955296516e-02, 1.999999955296516e-02, 1.999999955296516e-02, 1.999999955296516e-02]
senMasFra1.X=[9.999999776482582e-03, 1.095162610092836e-02, 1.181269248345576e-02, 1.259181732704933e-02, 1.329679969387823e-02, 1.393469329923391e-02, 1.451188126401153e-02, 1.503414387156354e-02, 1.550670614643679e-02, 1.593429791093717e-02, 1.632120087742805e-02, 1.667128495306561e-02, 1.698805563546452e-02, 1.727467974475896e-02, 1.75340306595913e-02, 1.776870153844357e-02, 1.798104303683474e-02, 1.817317484461211e-02, 1.834695980302175e-02, 1.850413534586174e-02, 1.864604279398918e-02, 1.877453562255138e-02, 1.88906266754571e-02, 1.899556820344022e-02, 1.909080884102457e-02, 1.91766768693924e-02, 1.92545913861953e-02, 1.932514083142053e-02, 1.938890854902467e-02, 1.944684790726642e-02, 1.949910633265972e-02, 1.954651255704758e-02, 1.958947067980075e-02, 1.962828451650191e-02, 1.966354433934111e-02, 1.96953471750021e-02, 1.972418281051882e-02, 1.975032313464452e-02, 1.977393032181675e-02, 1.97953656118983e-02, 1.981472037732601e-02, 1.983225160925352e-02, 1.984815302358459e-02, 1.986250837494905e-02, 1.987553945477493e-02, 1.988731510937214e-02, 1.989797503715353e-02, 1.990764403581482e-02, 1.991634814337927e-02, 1.992421969050184e-02, 1.9931361079216e-02, 1.993785799128745e-02, 1.994369552589249e-02, 1.994898728056426e-02, 1.995379477297909e-02, 1.995817385613918e-02, 1.99621357059332e-02, 1.996573433926586e-02, 1.996899768111503e-02, 1.997195183960798e-02, 1.997467130422592e-02, 1.997715980039239e-02, 1.997943036666783e-02, 1.998149044435138e-02, 1.998334191570805e-02, 1.998498290777206e-02, 1.998649910234462e-02, 1.998793520292708e-02, 1.998924091218512e-02, 1.999041437996141e-02, 1.999145187437534e-02, 1.999234780746484e-02, 1.999313570713568e-02, 1.999391428984154e-02, 1.99946127825541e-02, 1.999523304402828e-02, 1.999577321159229e-02, 1.999623514791793e-02, 1.999661698869915e-02, 1.999699696863821e-02, 1.999733224511147e-02, 1.999762654197925e-02, 1.999788358851972e-02, 1.999810524245761e-02, 1.999829523329309e-02, 1.999846659600735e-02, 1.999862119498631e-02, 1.999875716888155e-02, 1.999887824035441e-02, 1.999898627439477e-02, 1.999908313155174e-02, 1.999917253816364e-02, 1.999925449506534e-02, 1.999933086321449e-02, 1.999940164415647e-02, 1.999946869909763e-02, 1.99995301661744e-02, 1.999958604584861e-02, 1.999963633707225e-02, 1.999968104078675e-02, 1.999971643090248e-02]
senMasFra2.X=[9.999999776482582e-03, 1.565525861187383e-02, 1.810872177149324e-02, 1.917697480377627e-02, 1.964177561856996e-02, 1.984395645558834e-02, 1.993196269895095e-02, 1.997033506902301e-02, 1.998706161836861e-02, 1.999436505242124e-02, 1.999755203723907e-02, 1.99989434329324e-02, 1.999955065527992e-02, 1.999980770058585e-02, 1.999991945923929e-02, 1.999997347593307e-02, 1.999999582767042e-02, 2.000000141561031e-02, 1.999999955296516e-02, 1.999999769031779e-02, 1.999999210238457e-02, 1.999999210238457e-02, 1.999999210238457e-02, 1.999999210238457e-02, 1.999999396502972e-02, 1.999999582767487e-02, 1.999999769032001e-02, 1.999999955296516e-02, 1.999999955296516e-02, 1.999999955296516e-02, 2.000000141561031e-02, 2.000000141560143e-02, 1.999999955296516e-02, 1.999999955296516e-02, 1.999999955296516e-02, 1.999999955296516e-02, 1.999999955296516e-02, 1.999999955296516e-02, 1.999999955296516e-02, 1.999999955296516e-02, 1.999999955296516e-02, 1.999999955296516e-02, 1.999999955296516e-02, 1.999999955296516e-02, 1.999999955296516e-02, 1.999999955296516e-02, 1.999999955296516e-02, 1.999999955296516e-02, 1.999999955296516e-02, 1.999999955296516e-02, 1.999999955296516e-02, 1.999999955296516e-02, 1.999999955296516e-02, 1.999999955296516e-02, 1.999999955296516e-02, 1.999999955296516e-02, 1.999999955296516e-02, 1.999999955296516e-02, 1.999999955296516e-02, 1.999999955296516e-02, 1.999999955296516e-02, 1.999999955296516e-02, 1.999999955296516e-02, 1.999999955296516e-02, 1.999999955296516e-02, 1.999999955296516e-02, 1.999999955296516e-02, 1.999999955296516e-02, 1.999999955296516e-02, 1.999999955296516e-02, 1.999999955296516e-02, 1.999999955296516e-02, 1.999999955296516e-02, 1.999999955296516e-02, 1.999999955296516e-02, 1.999999955296516e-02, 1.999999955296516e-02, 1.999999955296516e-02, 1.999999955296516e-02, 1.999999955296516e-02, 1.999999955296516e-02, 1.999999955296516e-02, 1.999999955296516e-02, 1.999999955296516e-02, 1.999999955296516e-02, 1.999999955296516e-02, 1.999999955296516e-02, 1.999999955296516e-02, 1.999999955296516e-02, 1.999999955296516e-02, 1.999999955296516e-02, 1.999999955296516e-02, 1.999999955296516e-02, 1.999999955296516e-02, 1.999999955296516e-02, 1.999999955296516e-02, 1.999999955296516e-02, 1.999999955296516e-02, 1.999999955296516e-02, 1.999999955296516e-02, 1.999999955296516e-02]
