last-generated=2024-07-24
statistics-simulation=
{
  "linear": " ",
  "nonlinear": " ",
  "number of continuous time states": "6",
  "numerical Jacobians": "0"
}
time=[0e+00, 1e+00]
senEnt1.h_out=[4.53009453125e+04, 4.531900000037937e+04, 4.533529687568714e+04, 4.535013281344427e+04, 4.536382421992521e+04, 4.537663281157013e+04, 4.538874218907685e+04, 4.540029687466123e+04, 4.541141406444529e+04, 4.542216796494323e+04, 4.543260156096332e+04, 4.544276953184605e+04, 4.545267578386934e+04, 4.546236328580416e+04, 4.547182421819121e+04, 4.548107421329014e+04, 4.549012500319909e+04, 4.549898827967839e+04, 4.550767186883932e+04, 4.551619140825699e+04, 4.552455468502618e+04, 4.553277344282716e+04, 4.554085546970461e+04, 4.554880468419963e+04, 4.555662500415951e+04, 4.55643359375e+04, 4.55719375071898e+04, 4.55794296794953e+04, 4.558682421787223e+04, 4.55941289122966e+04, 4.560134764768185e+04, 4.560847656080499e+04, 4.561551953626516e+04, 4.562248827215799e+04, 4.562938671629132e+04, 4.56362031290396e+04, 4.564295311538877e+04, 4.564963280933351e+04, 4.565625390937924e+04, 4.566280469683183e+04, 4.566930077739666e+04, 4.567573828354105e+04, 4.568212110207368e+04, 4.568844921423775e+04, 4.569472656399012e+04, 4.5700957038654e+04, 4.570714061984979e+04, 4.571327734447876e+04, 4.571937500649596e+04, 4.572542968172581e+04, 4.57314453125e+04, 4.573742578693097e+04, 4.574337501128744e+04, 4.57492812668194e+04, 4.575515233117736e+04, 4.576099218056176e+04, 4.576680077987163e+04, 4.577258203537103e+04, 4.577833594708315e+04, 4.578406251495679e+04, 4.578976170515292e+04, 4.579543358564763e+04, 4.580107812231783e+04, 4.580670703392285e+04, 4.581230860174061e+04, 4.581789454452112e+04, 4.582345701665177e+04, 4.58289921782754e+04, 4.583451171481057e+04, 4.584001172006318e+04, 4.584549610026915e+04, 4.585096094919256e+04, 4.585641014065992e+04, 4.586183983339387e+04, 4.586725390109056e+04, 4.58726484375e+04, 4.587802734887219e+04, 4.588339454145712e+04, 4.588874220281068e+04, 4.58940820198089e+04, 4.589940233741712e+04, 4.590470702998804e+04, 4.591000000378576e+04, 4.591528125880085e+04, 4.592055079502868e+04, 4.592580858122392e+04, 4.593105077376229e+04, 4.59362851537541e+04, 4.59415039087459e+04, 4.594671875743183e+04, 4.595191798113638e+04, 4.595710936137498e+04, 4.596229296011213e+04, 4.596746484004806e+04, 4.597262500122936e+04, 4.597778125612334e+04, 4.598292579227201e+04, 4.598806248530398e+04, 4.599319139648991e+04, 4.599831640135132e+04, 4.60034296875e+04]
senEnt2.h_out=[4.53009453125e+04, 4.531900000037937e+04, 4.533529687568714e+04, 4.535013281344427e+04, 4.536382421992521e+04, 4.537663281157013e+04, 4.538874218907685e+04, 4.540029687466123e+04, 4.541141406444529e+04, 4.542216796494323e+04, 4.543260156096332e+04, 4.544276953184605e+04, 4.545267578386934e+04, 4.546236328580416e+04, 4.547182421819121e+04, 4.548107421329014e+04, 4.549012500319909e+04, 4.549898827967839e+04, 4.550767186883932e+04, 4.551619140825699e+04, 4.552455468502618e+04, 4.553277344282716e+04, 4.554085546970461e+04, 4.554880468419963e+04, 4.555662500415951e+04, 4.55643359375e+04, 4.55719375071898e+04, 4.55794296794953e+04, 4.558682421787223e+04, 4.55941289122966e+04, 4.560134764768185e+04, 4.560847656080499e+04, 4.561551953626516e+04, 4.562248827215799e+04, 4.562938671629132e+04, 4.56362031290396e+04, 4.564295311538877e+04, 4.564963280933351e+04, 4.565625390937924e+04, 4.566280469683183e+04, 4.566930077739666e+04, 4.567573828354105e+04, 4.568212110207368e+04, 4.568844921423775e+04, 4.569472656399012e+04, 4.5700957038654e+04, 4.570714061984979e+04, 4.571327734447876e+04, 4.571937500649596e+04, 4.572542968172581e+04, 4.57314453125e+04, 4.573742578693097e+04, 4.574337501128744e+04, 4.57492812668194e+04, 4.575515233117736e+04, 4.576099218056176e+04, 4.576680077987163e+04, 4.577258203537103e+04, 4.577833594708315e+04, 4.578406251495679e+04, 4.578976170515292e+04, 4.579543358564763e+04, 4.580107812231783e+04, 4.580670703392285e+04, 4.581230860174061e+04, 4.581789454452112e+04, 4.582345701665177e+04, 4.58289921782754e+04, 4.583451171481057e+04, 4.584001172006318e+04, 4.584549610026915e+04, 4.585096094919256e+04, 4.585641014065992e+04, 4.586183983339387e+04, 4.586725390109056e+04, 4.58726484375e+04, 4.587802734887219e+04, 4.588339454145712e+04, 4.588874220281068e+04, 4.58940820198089e+04, 4.589940233741712e+04, 4.590470702998804e+04, 4.591000000378576e+04, 4.591528125880085e+04, 4.592055079502868e+04, 4.592580858122392e+04, 4.593105077376229e+04, 4.59362851537541e+04, 4.59415039087459e+04, 4.594671875743183e+04, 4.595191798113638e+04, 4.595710936137498e+04, 4.596229296011213e+04, 4.596746484004806e+04, 4.597262500122936e+04, 4.597778125612334e+04, 4.598292579227201e+04, 4.598806248530398e+04, 4.599319139648991e+04, 4.599831640135132e+04, 4.60034296875e+04]
senTem1.T=[2.931499938964844e+02, 2.931631469729325e+02, 2.931750793462079e+02, 2.931860046393676e+02, 2.931961364754825e+02, 2.932056579582909e+02, 2.932146911632963e+02, 2.932233581540422e+02, 2.932317199721492e+02, 2.932398071260141e+02, 2.932476806629029e+02, 2.932553710942047e+02, 2.932628784199742e+02, 2.932702331577893e+02, 2.93277435302316e+02, 2.932845153766757e+02, 2.932914428734948e+02, 2.93298217772237e+02, 2.933048706007758e+02, 2.9331143188633e+02, 2.933178710918401e+02, 2.933242187541018e+02, 2.933304748542432e+02, 2.933366394016866e+02, 2.933426818880398e+02, 2.933486938476562e+02, 2.933546142633422e+02, 2.933604431090134e+02, 2.933662109368088e+02, 2.933719177293206e+02, 2.933775634700141e+02, 2.933831787095914e+02, 2.933887023965071e+02, 2.933941650318593e+02, 2.933995971660588e+02, 2.93404968264902e+02, 2.934103088302509e+02, 2.934155883763597e+02, 2.934208068872395e+02, 2.934259948804684e+02, 2.934311523406577e+02, 2.934362487811522e+02, 2.934413147040686e+02, 2.934463500941638e+02, 2.934513549816693e+02, 2.934563293515239e+02, 2.934612731891575e+02, 2.934661560064415e+02, 2.934710388235981e+02, 2.934758911086246e+02, 2.934806823730469e+02, 2.934854736374691e+02, 2.934902649016001e+02, 2.934949951307206e+02, 2.934997253316471e+02, 2.935044250431894e+02, 2.935090942371535e+02, 2.935137329135395e+02, 2.935183715896709e+02, 2.935229797483332e+02, 2.935275878797112e+02, 2.935321655207955e+02, 2.935367126443016e+02, 2.935412597678077e+02, 2.935458068910956e+02, 2.935503234968781e+02, 2.935548095587075e+02, 2.935592956469119e+02, 2.935637817350071e+02, 2.935682373057425e+02, 2.935726928763687e+02, 2.935771179294168e+02, 2.935815429560901e+02, 2.935859374915601e+02, 2.9359033202703e+02, 2.935947265625e+02, 2.935990905803919e+02, 2.936034545982837e+02, 2.936078186161756e+02, 2.936121520904418e+02, 2.936164855906101e+02, 2.936208190907782e+02, 2.936251220734775e+02, 2.936294250562131e+02, 2.936337280385486e+02, 2.936380309956732e+02, 2.936423034606852e+02, 2.936465759256972e+02, 2.936508483907091e+02, 2.936550903381429e+02, 2.936593322855768e+02, 2.936635742079454e+02, 2.936678161549791e+02, 2.936720581024129e+02, 2.936762695322686e+02, 2.936804809621243e+02, 2.9368469239198e+02, 2.936889037968069e+02, 2.93693115226226e+02, 2.936972961386492e+02, 2.937014770507812e+02]
senTem2.T=[2.931499938964844e+02, 2.931631469729325e+02, 2.931750793462079e+02, 2.931860046393676e+02, 2.931961364754825e+02, 2.932056579582909e+02, 2.932146911632963e+02, 2.932233581540422e+02, 2.932317199721492e+02, 2.932398071260141e+02, 2.932476806629029e+02, 2.932553710942047e+02, 2.932628784199742e+02, 2.932702331577893e+02, 2.93277435302316e+02, 2.932845153766757e+02, 2.932914428734948e+02, 2.93298217772237e+02, 2.933048706007758e+02, 2.9331143188633e+02, 2.933178710918401e+02, 2.933242187541018e+02, 2.933304748542432e+02, 2.933366394016866e+02, 2.933426818880398e+02, 2.933486938476562e+02, 2.933546142633422e+02, 2.933604431090134e+02, 2.933662109368088e+02, 2.933719177293206e+02, 2.933775634700141e+02, 2.933831787095914e+02, 2.933887023965071e+02, 2.933941650318593e+02, 2.933995971660588e+02, 2.93404968264902e+02, 2.934103088302509e+02, 2.934155883763597e+02, 2.934208068872395e+02, 2.934259948804684e+02, 2.934311523406577e+02, 2.934362487811522e+02, 2.934413147040686e+02, 2.934463500941638e+02, 2.934513549816693e+02, 2.934563293515239e+02, 2.934612731891575e+02, 2.934661560064415e+02, 2.934710388235981e+02, 2.934758911086246e+02, 2.934806823730469e+02, 2.934854736374691e+02, 2.934902649016001e+02, 2.934949951307206e+02, 2.934997253316471e+02, 2.935044250431894e+02, 2.935090942371535e+02, 2.935137329135395e+02, 2.935183715896709e+02, 2.935229797483332e+02, 2.935275878797112e+02, 2.935321655207955e+02, 2.935367126443016e+02, 2.935412597678077e+02, 2.935458068910956e+02, 2.935503234968781e+02, 2.935548095587075e+02, 2.935592956469119e+02, 2.935637817350071e+02, 2.935682373057425e+02, 2.935726928763687e+02, 2.935771179294168e+02, 2.935815429560901e+02, 2.935859374915601e+02, 2.9359033202703e+02, 2.935947265625e+02, 2.935990905803919e+02, 2.936034545982837e+02, 2.936078186161756e+02, 2.936121520904418e+02, 2.936164855906101e+02, 2.936208190907782e+02, 2.936251220734775e+02, 2.936294250562131e+02, 2.936337280385486e+02, 2.936380309956732e+02, 2.936423034606852e+02, 2.936465759256972e+02, 2.936508483907091e+02, 2.936550903381429e+02, 2.936593322855768e+02, 2.936635742079454e+02, 2.936678161549791e+02, 2.936720581024129e+02, 2.936762695322686e+02, 2.936804809621243e+02, 2.9368469239198e+02, 2.936889037968069e+02, 2.93693115226226e+02, 2.936972961386492e+02, 2.937014770507812e+02]
senMas1.X=[9.999999776482582e-03, 1.000187080357391e-02, 1.000353414572278e-02, 1.000502426186662e-02, 1.000637933623402e-02, 1.00076301022462e-02, 1.000879704967353e-02, 1.000989973541855e-02, 1.001095026749727e-02, 1.001195795798426e-02, 1.001292746499857e-02, 1.001386530702841e-02, 1.001477334672227e-02, 1.00156543780523e-02, 1.001650933171255e-02, 1.001733913968828e-02, 1.00181456658095e-02, 1.001892983899516e-02, 1.00196935231025e-02, 1.002043671923425e-02, 1.002116128780928e-02, 1.002186909363767e-02, 1.002256199725626e-02, 1.002323720576398e-02, 1.002389844542201e-02, 1.002454664558172e-02, 1.002518180817713e-02, 1.002580393039798e-02, 1.002641487859424e-02, 1.002701465090183e-02, 1.002760510821732e-02, 1.00281843914205e-02, 1.002875343005427e-02, 1.002931408510843e-02, 1.002986635993142e-02, 1.003040839018832e-02, 1.003094296826479e-02, 1.00314700973505e-02, 1.003198884452194e-02, 1.00325010724176e-02, 1.00330049169074e-02, 1.003350317495832e-02, 1.003399398241977e-02, 1.003447920049694e-02, 1.003495883207917e-02, 1.003543194439449e-02, 1.003590039870028e-02, 1.003636233514082e-02, 1.003681961495961e-02, 1.003727316813308e-02, 1.003772113472223e-02, 1.00381653760122e-02, 1.003860589200299e-02, 1.003904082004945e-02, 1.003947295155584e-02, 1.003990042903614e-02, 1.004032418121725e-02, 1.004074513941843e-02, 1.004116237232709e-02, 1.004157681125582e-02, 1.004198752245957e-02, 1.004239544213804e-02, 1.004280056785101e-02, 1.004320289958737e-02, 1.004360243735379e-02, 1.004400011246396e-02, 1.004439592257646e-02, 1.004478800976561e-02, 1.004517823429741e-02, 1.004556566486037e-02, 1.004595123277485e-02, 1.004633586935676e-02, 1.004671770970058e-02, 1.004709675836147e-02, 1.004747487568648e-02, 1.004785019904375e-02, 1.004822459107401e-02, 1.004859712045024e-02, 1.004896685587651e-02, 1.004933565776091e-02, 1.00497035305287e-02, 1.005006860932989e-02, 1.005043275680295e-02, 1.005079504163086e-02, 1.005115639512398e-02, 1.005151588384258e-02, 1.005187351205318e-02, 1.005223020894342e-02, 1.005258597450664e-02, 1.005294080874285e-02, 1.005329378033613e-02, 1.005364581850966e-02, 1.005399692745336e-02, 1.005434710507447e-02, 1.005469635137191e-02, 1.005504373502641e-02, 1.005539111866981e-02, 1.005573663761973e-02, 1.005608215862354e-02, 1.005642581698663e-02, 1.005676947534084e-02]
senMas2.X=[9.999999776482582e-03, 1.000187080357391e-02, 1.000353414572278e-02, 1.000502426186662e-02, 1.000637933623402e-02, 1.00076301022462e-02, 1.000879704967353e-02, 1.000989973541855e-02, 1.001095026749727e-02, 1.001195795798426e-02, 1.001292746499857e-02, 1.001386530702841e-02, 1.001477334672227e-02, 1.00156543780523e-02, 1.001650933171255e-02, 1.001733913968828e-02, 1.00181456658095e-02, 1.001892983899516e-02, 1.00196935231025e-02, 1.002043671923425e-02, 1.002116128780928e-02, 1.002186909363767e-02, 1.002256199725626e-02, 1.002323720576398e-02, 1.002389844542201e-02, 1.002454664558172e-02, 1.002518180817713e-02, 1.002580393039798e-02, 1.002641487859424e-02, 1.002701465090183e-02, 1.002760510821732e-02, 1.00281843914205e-02, 1.002875343005427e-02, 1.002931408510843e-02, 1.002986635993142e-02, 1.003040839018832e-02, 1.003094296826479e-02, 1.00314700973505e-02, 1.003198884452194e-02, 1.00325010724176e-02, 1.00330049169074e-02, 1.003350317495832e-02, 1.003399398241977e-02, 1.003447920049694e-02, 1.003495883207917e-02, 1.003543194439449e-02, 1.003590039870028e-02, 1.003636233514082e-02, 1.003681961495961e-02, 1.003727316813308e-02, 1.003772113472223e-02, 1.00381653760122e-02, 1.003860589200299e-02, 1.003904082004945e-02, 1.003947295155584e-02, 1.003990042903614e-02, 1.004032418121725e-02, 1.004074513941843e-02, 1.004116237232709e-02, 1.004157681125582e-02, 1.004198752245957e-02, 1.004239544213804e-02, 1.004280056785101e-02, 1.004320289958737e-02, 1.004360243735379e-02, 1.004400011246396e-02, 1.004439592257646e-02, 1.004478800976561e-02, 1.004517823429741e-02, 1.004556566486037e-02, 1.004595123277485e-02, 1.004633586935676e-02, 1.004671770970058e-02, 1.004709675836147e-02, 1.004747487568648e-02, 1.004785019904375e-02, 1.004822459107401e-02, 1.004859712045024e-02, 1.004896685587651e-02, 1.004933565776091e-02, 1.00497035305287e-02, 1.005006860932989e-02, 1.005043275680295e-02, 1.005079504163086e-02, 1.005115639512398e-02, 1.005151588384258e-02, 1.005187351205318e-02, 1.005223020894342e-02, 1.005258597450664e-02, 1.005294080874285e-02, 1.005329378033613e-02, 1.005364581850966e-02, 1.005399692745336e-02, 1.005434710507447e-02, 1.005469635137191e-02, 1.005504373502641e-02, 1.005539111866981e-02, 1.005573663761973e-02, 1.005608215862354e-02, 1.005642581698663e-02, 1.005676947534084e-02]
cheTem.y=[0e+00, 0e+00, 0e+00, 0e+00, 0e+00, 0e+00, 0e+00, 0e+00, 0e+00, 0e+00, 0e+00, 0e+00, 0e+00, 0e+00, 0e+00, 0e+00, 0e+00, 0e+00, 0e+00, 0e+00, 0e+00, 0e+00, 0e+00, 0e+00, 0e+00, 0e+00, 0e+00, 0e+00, 0e+00, 0e+00, 0e+00, 0e+00, 0e+00, 0e+00, 0e+00, 0e+00, 0e+00, 0e+00, 0e+00, 0e+00, 0e+00, 0e+00, 0e+00, 0e+00, 0e+00, 0e+00, 0e+00, 0e+00, 0e+00, 0e+00, 0e+00, 0e+00, 0e+00, 0e+00, 0e+00, 0e+00, 0e+00, 0e+00, 0e+00, 0e+00, 0e+00, 0e+00, 0e+00, 0e+00, 0e+00, 0e+00, 0e+00, 0e+00, 0e+00, 0e+00, 0e+00, 0e+00, 0e+00, 0e+00, 0e+00, 0e+00, 0e+00, 0e+00, 0e+00, 0e+00, 0e+00, 0e+00, 0e+00, 0e+00, 0e+00, 0e+00, 0e+00, 0e+00, 0e+00, 0e+00, 0e+00, 0e+00, 0e+00, 0e+00, 0e+00, 0e+00, 0e+00, 0e+00, 0e+00, 0e+00, 0e+00]
cheEnt.y=[0e+00, 0e+00, 0e+00, 0e+00, 0e+00, 0e+00, 0e+00, 0e+00, 0e+00, 0e+00, 0e+00, 0e+00, 0e+00, 0e+00, 0e+00, 0e+00, 0e+00, 0e+00, 0e+00, 0e+00, 0e+00, 0e+00, 0e+00, 0e+00, 0e+00, 0e+00, 0e+00, 0e+00, 0e+00, 0e+00, 0e+00, 0e+00, 0e+00, 0e+00, 0e+00, 0e+00, 0e+00, 0e+00, 0e+00, 0e+00, 0e+00, 0e+00, 0e+00, 0e+00, 0e+00, 0e+00, 0e+00, 0e+00, 0e+00, 0e+00, 0e+00, 0e+00, 0e+00, 0e+00, 0e+00, 0e+00, 0e+00, 0e+00, 0e+00, 0e+00, 0e+00, 0e+00, 0e+00, 0e+00, 0e+00, 0e+00, 0e+00, 0e+00, 0e+00, 0e+00, 0e+00, 0e+00, 0e+00, 0e+00, 0e+00, 0e+00, 0e+00, 0e+00, 0e+00, 0e+00, 0e+00, 0e+00, 0e+00, 0e+00, 0e+00, 0e+00, 0e+00, 0e+00, 0e+00, 0e+00, 0e+00, 0e+00, 0e+00, 0e+00, 0e+00, 0e+00, 0e+00, 0e+00, 0e+00, 0e+00, 0e+00]
cheMas.y=[0e+00, 0e+00, 0e+00, 0e+00, 0e+00, 0e+00, 0e+00, 0e+00, 0e+00, 0e+00, 0e+00, 0e+00, 0e+00, 0e+00, 0e+00, 0e+00, 0e+00, 0e+00, 0e+00, 0e+00, 0e+00, 0e+00, 0e+00, 0e+00, 0e+00, 0e+00, 0e+00, 0e+00, 0e+00, 0e+00, 0e+00, 0e+00, 0e+00, 0e+00, 0e+00, 0e+00, 0e+00, 0e+00, 0e+00, 0e+00, 0e+00, 0e+00, 0e+00, 0e+00, 0e+00, 0e+00, 0e+00, 0e+00, 0e+00, 0e+00, 0e+00, 0e+00, 0e+00, 0e+00, 0e+00, 0e+00, 0e+00, 0e+00, 0e+00, 0e+00, 0e+00, 0e+00, 0e+00, 0e+00, 0e+00, 0e+00, 0e+00, 0e+00, 0e+00, 0e+00, 0e+00, 0e+00, 0e+00, 0e+00, 0e+00, 0e+00, 0e+00, 0e+00, 0e+00, 0e+00, 0e+00, 0e+00, 0e+00, 0e+00, 0e+00, 0e+00, 0e+00, 0e+00, 0e+00, 0e+00, 0e+00, 0e+00, 0e+00, 0e+00, 0e+00, 0e+00, 0e+00, 0e+00, 0e+00, 0e+00, 0e+00]
