last-generated=2024-07-24
statistics-simulation=
{
  "linear": " ",
  "nonlinear": " ",
  "number of continuous time states": "27",
  "numerical Jacobians": "0"
}
time=[0e+00, 8.64e+04]
solCol.vol[9].T=[2.931499938964844e+02, 2.900629272460938e+02, 2.877203979492188e+02, 2.859428100585938e+02, 2.845939331054688e+02, 2.835704040527344e+02, 2.827937316894531e+02, 2.822043762207031e+02, 2.817571411132812e+02, 2.814163513183594e+02, 2.8114208984375e+02, 2.809026794433594e+02, 2.806832885742188e+02, 2.804817199707031e+02, 2.802967529296875e+02, 2.801225891113281e+02, 2.79954833984375e+02, 2.797897644042969e+02, 2.796004638671875e+02, 2.793493041992188e+02, 2.79038330078125e+02, 2.787031860351562e+02, 2.783942565917969e+02, 2.781409301757812e+02, 2.779561157226562e+02, 2.778418273925781e+02, 2.778038330078125e+02, 2.778733520507812e+02, 2.780486755371094e+02, 2.782904663085938e+02, 2.785362548828125e+02, 2.787610473632812e+02, 2.791798400878906e+02, 2.805423278808594e+02, 2.837117614746094e+02, 2.883862915039062e+02, 2.941514282226562e+02, 3.004491271972656e+02, 3.060691223144531e+02, 3.110110168457031e+02, 3.154287719726562e+02, 3.194315490722656e+02, 3.230828552246094e+02, 3.263236083984375e+02, 3.290491333007812e+02, 3.311295166015625e+02, 3.325181274414062e+02, 3.331680908203125e+02, 3.337601318359375e+02, 3.3450634765625e+02, 3.35314697265625e+02, 3.361057434082031e+02, 3.368529052734375e+02, 3.375469665527344e+02, 3.381826477050781e+02, 3.387459411621094e+02, 3.392137451171875e+02, 3.396101989746094e+02, 3.402223815917969e+02, 3.410428466796875e+02, 3.419504699707031e+02, 3.422555541992188e+02, 3.413929443359375e+02, 3.391699523925781e+02, 3.359302673339844e+02, 3.320020446777344e+02, 3.265782470703125e+02, 3.191483154296875e+02, 3.125521850585937e+02, 3.063634033203126e+02, 3.011837463378907e+02, 2.971211547851562e+02, 2.940085144042969e+02, 2.916506042480469e+02, 2.898721313476562e+02, 2.885231018066406e+02, 2.87478515625e+02, 2.866561279296875e+02, 2.860006713867188e+02, 2.854740600585938e+02, 2.850531311035156e+02, 2.847308959960938e+02, 2.844948120117188e+02, 2.843212585449219e+02, 2.841746520996094e+02, 2.83988037109375e+02, 2.837235412597656e+02, 2.833994140625e+02, 2.830771179199219e+02, 2.828391418457031e+02, 2.827196044921875e+02, 2.826867065429688e+02, 2.826582946777344e+02, 2.825627746582031e+02, 2.82395263671875e+02, 2.82167724609375e+02, 2.819009704589844e+02, 2.816179504394531e+02, 2.813319702148438e+02, 2.810523071289062e+02, 2.807857055664062e+02]
tan.vol[1].T=[2.931499938964844e+02, 2.931499938964844e+02, 2.931499938964844e+02, 2.931499938964844e+02, 2.931499938964844e+02, 2.931499938964844e+02, 2.931499938964844e+02, 2.931499938964844e+02, 2.931499938964844e+02, 2.931499938964844e+02, 2.931499938964844e+02, 2.931500244140625e+02, 2.931500244140625e+02, 2.931500244140625e+02, 2.931500244140625e+02, 2.931500244140625e+02, 2.931500244140625e+02, 2.931500244140625e+02, 2.931500549316406e+02, 2.931500549316406e+02, 2.931500549316406e+02, 2.931500549316406e+02, 2.931500854492188e+02, 2.931500854492188e+02, 2.931500854492188e+02, 2.931500854492188e+02, 2.931500854492188e+02, 2.931501159667969e+02, 2.931501159667969e+02, 2.931501159667969e+02, 2.931501159667969e+02, 2.931501159667969e+02, 2.93150146484375e+02, 2.93150146484375e+02, 2.931501159667969e+02, 2.931500244140625e+02, 2.931499328613281e+02, 2.931626892089844e+02, 2.932637939453125e+02, 2.934456481933594e+02, 2.936927490234375e+02, 2.939997253417969e+02, 2.943618774414062e+02, 2.947738952636719e+02, 2.952286682128906e+02, 2.957166748046875e+02, 2.962264709472656e+02, 2.967454223632812e+02, 2.972663879394531e+02, 2.977905578613281e+02, 2.983199768066406e+02, 2.988548889160156e+02, 2.993946533203125e+02, 2.999383239746094e+02, 3.004849243164062e+02, 3.010332641601562e+02, 3.015819091796875e+02, 3.021290588378906e+02, 3.0267578125e+02, 3.032264099121094e+02, 3.0378369140625e+02, 3.043436584472656e+02, 3.048907775878906e+02, 3.054025573730469e+02, 3.058588562011719e+02, 3.062474975585938e+02, 3.065559692382812e+02, 3.067589416503906e+02, 3.068178100585938e+02, 3.068104248046875e+02, 3.068028869628906e+02, 3.067952575683594e+02, 3.0678759765625e+02, 3.067798767089844e+02, 3.067720947265625e+02, 3.067642822265625e+02, 3.067564086914062e+02, 3.067485046386719e+02, 3.067405395507812e+02, 3.067325134277344e+02, 3.067244567871094e+02, 3.067163391113281e+02, 3.067081909179688e+02, 3.066999816894531e+02, 3.066917114257812e+02, 3.066834106445312e+02, 3.06675048828125e+02, 3.066666564941406e+02, 3.066582336425781e+02, 3.066497192382812e+02, 3.066412048339844e+02, 3.066326293945312e+02, 3.066239929199219e+02, 3.066153259277344e+02, 3.066066284179688e+02, 3.065978698730469e+02, 3.065890502929688e+02, 3.065802307128906e+02, 3.065713195800781e+02, 3.065624084472656e+02, 3.065534362792969e+02]
TIn.T=[2.931499938964844e+02, 2.931499938964844e+02, 2.931499938964844e+02, 2.931499938964844e+02, 2.931499938964844e+02, 2.931499938964844e+02, 2.931499938964844e+02, 2.931499938964844e+02, 2.931499938964844e+02, 2.931499938964844e+02, 2.931499938964844e+02, 2.931499938964844e+02, 2.931499938964844e+02, 2.931499938964844e+02, 2.931499938964844e+02, 2.931499938964844e+02, 2.931499938964844e+02, 2.931499938964844e+02, 2.931499938964844e+02, 2.931499938964844e+02, 2.931499938964844e+02, 2.931499938964844e+02, 2.931499938964844e+02, 2.931499938964844e+02, 2.931499938964844e+02, 2.931499938964844e+02, 2.931499938964844e+02, 2.931499938964844e+02, 2.931499938964844e+02, 2.931499938964844e+02, 2.931499938964844e+02, 2.931499938964844e+02, 2.931499938964844e+02, 2.931499938964844e+02, 2.840625e+02, 2.885286865234375e+02, 2.938331909179688e+02, 2.977959289550781e+02, 3.010088806152344e+02, 3.036997985839844e+02, 3.060372619628906e+02, 3.081186218261719e+02, 3.100003662109375e+02, 3.116729736328125e+02, 3.131035461425781e+02, 3.142461547851562e+02, 3.150876770019531e+02, 3.156103515625e+02, 3.161069030761719e+02, 3.166714782714844e+02, 3.172654418945312e+02, 3.178545227050781e+02, 3.184271240234375e+02, 3.189792175292969e+02, 3.195083312988281e+02, 3.200083618164062e+02, 3.204692077636719e+02, 3.208997802734375e+02, 3.214198303222656e+02, 3.220292358398438e+02, 3.226782531738281e+02, 3.230832214355469e+02, 3.230023193359375e+02, 3.223312377929688e+02, 3.211776123046875e+02, 3.196478576660156e+02, 3.173313903808594e+02, 3.138301696777344e+02, 3.110025939941406e+02, 3.110025939941406e+02, 3.110025939941406e+02, 3.110025939941406e+02, 3.110025939941406e+02, 3.110025939941406e+02, 3.110025939941406e+02, 3.110025939941406e+02, 3.110025939941406e+02, 3.110025939941406e+02, 3.110025939941406e+02, 3.110025939941406e+02, 3.110025939941406e+02, 3.110025939941406e+02, 3.110025939941406e+02, 3.110025939941406e+02, 3.110025939941406e+02, 3.110025939941406e+02, 3.110025939941406e+02, 3.110025939941406e+02, 3.110025939941406e+02, 3.110025939941406e+02, 3.110025939941406e+02, 3.110025939941406e+02, 3.110025939941406e+02, 3.110025939941406e+02, 3.110025939941406e+02, 3.110025939941406e+02, 3.110025939941406e+02, 3.110025939941406e+02, 3.110025939941406e+02, 3.110025939941406e+02, 3.110025939941406e+02]
pumCon.on=[0e+00, 0e+00, 0e+00, 0e+00, 0e+00, 0e+00, 0e+00, 0e+00, 0e+00, 0e+00, 0e+00, 0e+00, 0e+00, 0e+00, 0e+00, 0e+00, 0e+00, 0e+00, 0e+00, 0e+00, 0e+00, 0e+00, 0e+00, 0e+00, 0e+00, 0e+00, 0e+00, 0e+00, 0e+00, 0e+00, 0e+00, 0e+00, 0e+00, 0e+00, 1e+00, 1e+00, 1e+00, 1e+00, 1e+00, 1e+00, 1e+00, 1e+00, 1e+00, 1e+00, 1e+00, 1e+00, 1e+00, 1e+00, 1e+00, 1e+00, 1e+00, 1e+00, 1e+00, 1e+00, 1e+00, 1e+00, 1e+00, 1e+00, 1e+00, 1e+00, 1e+00, 1e+00, 1e+00, 1e+00, 1e+00, 1e+00, 1e+00, 1e+00, 0e+00, 0e+00, 0e+00, 0e+00, 0e+00, 0e+00, 0e+00, 0e+00, 0e+00, 0e+00, 0e+00, 0e+00, 0e+00, 0e+00, 0e+00, 0e+00, 0e+00, 0e+00, 0e+00, 0e+00, 0e+00, 0e+00, 0e+00, 0e+00, 0e+00, 0e+00, 0e+00, 0e+00, 0e+00, 0e+00, 0e+00, 0e+00, 0e+00]
