last-generated=2024-07-24
statistics-simulation=
{
  "linear": " ",
  "nonlinear": "1",
  "number of continuous time states": "40",
  "numerical Jacobians": "0"
}
time=[0e+00, 8.64e+04]
solCol.vol[3].T=[2.931499938964844e+02, 2.8454736328125e+02, 2.827239990234375e+02, 2.826392211914062e+02, 2.826366271972656e+02, 2.826365661621094e+02, 2.826365661621094e+02, 2.826365661621094e+02, 2.826365661621094e+02, 2.8263525390625e+02, 2.826228637695312e+02, 2.825991516113281e+02, 2.825706787109375e+02, 2.825442810058594e+02, 2.825196838378906e+02, 2.824939575195312e+02, 2.824668884277344e+02, 2.824380187988281e+02, 2.823876647949219e+02, 2.823062438964844e+02, 2.82215576171875e+02, 2.821413879394531e+02, 2.821002807617188e+02, 2.820859985351562e+02, 2.820917053222656e+02, 2.821114196777344e+02, 2.821498718261719e+02, 2.822247314453125e+02, 2.823171081542969e+02, 2.823984680175781e+02, 2.824337768554688e+02, 2.824233703613281e+02, 2.8253857421875e+02, 2.831968078613281e+02, 2.844905395507812e+02, 2.860259094238281e+02, 2.875320129394531e+02, 2.890767822265625e+02, 2.906679077148438e+02, 2.922494506835938e+02, 2.937586364746094e+02, 2.951730041503906e+02, 2.964776000976562e+02, 2.976180725097656e+02, 2.985255432128906e+02, 2.991407775878906e+02, 2.994818420410156e+02, 2.995451354980469e+02, 2.996898193359375e+02, 2.999087524414062e+02, 3.001138000488281e+02, 3.002847595214844e+02, 3.00422607421875e+02, 3.005288391113281e+02, 3.006019897460938e+02, 3.006331176757812e+02, 3.006097717285156e+02, 3.005573120117188e+02, 3.006342163085938e+02, 3.007501525878906e+02, 3.008351440429688e+02, 3.005341491699219e+02, 2.996623229980469e+02, 2.98247802734375e+02, 2.9654150390625e+02, 2.946744689941406e+02, 2.92045166015625e+02, 2.887200012207031e+02, 2.856433715820312e+02, 2.8384423828125e+02, 2.834773559570312e+02, 2.83370361328125e+02, 2.833464050292969e+02, 2.833488159179688e+02, 2.833565673828125e+02, 2.833563232421875e+02, 2.833404541015625e+02, 2.833179931640625e+02, 2.832942199707031e+02, 2.832721557617188e+02, 2.832564086914062e+02, 2.832544555664062e+02, 2.832605590820312e+02, 2.832643432617188e+02, 2.832518005371094e+02, 2.831932983398438e+02, 2.831006774902344e+02, 2.830082397460938e+02, 2.829521484375e+02, 2.829579772949219e+02, 2.830033569335938e+02, 2.830454711914062e+02, 2.830406494140625e+02, 2.829855041503906e+02, 2.829136047363281e+02, 2.828375854492188e+02, 2.827664489746094e+02, 2.827051696777344e+02, 2.82651123046875e+02, 2.826035461425781e+02, 2.825622863769531e+02]
solCol.vol[6].T=[2.931499938964844e+02, 2.885192260742188e+02, 2.83408447265625e+02, 2.823173522949219e+02, 2.822226867675781e+02, 2.82217529296875e+02, 2.8221728515625e+02, 2.8221728515625e+02, 2.8221728515625e+02, 2.822158813476562e+02, 2.821998901367188e+02, 2.821630554199219e+02, 2.821139831542969e+02, 2.820647583007812e+02, 2.820193176269531e+02, 2.819731750488281e+02, 2.819247436523438e+02, 2.818734436035156e+02, 2.8179541015625e+02, 2.816643981933594e+02, 2.815045166015625e+02, 2.813598022460938e+02, 2.812665100097656e+02, 2.812251892089844e+02, 2.812240295410156e+02, 2.812518005371094e+02, 2.813096618652344e+02, 2.814255065917969e+02, 2.815838623046875e+02, 2.81738525390625e+02, 2.818306274414062e+02, 2.8183349609375e+02, 2.819609985351562e+02, 2.8283642578125e+02, 2.848363952636719e+02, 2.874891052246094e+02, 2.902401123046875e+02, 2.930188293457031e+02, 2.95886474609375e+02, 2.987651062011719e+02, 3.015501403808594e+02, 3.041727600097656e+02, 3.066083984375e+02, 3.087762145996094e+02, 3.105615844726562e+02, 3.118475646972656e+02, 3.12623779296875e+02, 3.128801879882812e+02, 3.131109313964844e+02, 3.13469482421875e+02, 3.13849365234375e+02, 3.141790161132812e+02, 3.144485473632812e+02, 3.146598510742188e+02, 3.148121337890625e+02, 3.148933410644531e+02, 3.148826599121094e+02, 3.147986450195312e+02, 3.148662109375e+02, 3.150595397949219e+02, 3.15243896484375e+02, 3.149163818359375e+02, 3.136625061035156e+02, 3.113999633789062e+02, 3.0846630859375e+02, 3.051731262207031e+02, 3.008602600097656e+02, 2.951820068359375e+02, 2.894329223632812e+02, 2.853931274414062e+02, 2.839813537597656e+02, 2.836163024902344e+02, 2.835215759277344e+02, 2.835101318359375e+02, 2.835210571289062e+02, 2.835254211425781e+02, 2.835051879882812e+02, 2.834681091308594e+02, 2.834257202148438e+02, 2.833846130371094e+02, 2.8335205078125e+02, 2.833407287597656e+02, 2.833474426269531e+02, 2.833558349609375e+02, 2.833432922363281e+02, 2.832633666992188e+02, 2.831137390136719e+02, 2.829450988769531e+02, 2.82821533203125e+02, 2.827970581054688e+02, 2.828577880859375e+02, 2.829369506835938e+02, 2.829559326171875e+02, 2.828827209472656e+02, 2.827620544433594e+02, 2.826263122558594e+02, 2.82494140625e+02, 2.823773498535156e+02, 2.822749938964844e+02, 2.821847839355469e+02, 2.821061706542969e+02]
solCol.vol[9].T=[2.931499938964844e+02, 2.899133911132812e+02, 2.85535888671875e+02, 2.826214904785156e+02, 2.819584655761719e+02, 2.818811950683594e+02, 2.81875244140625e+02, 2.818749084472656e+02, 2.818748779296875e+02, 2.818735046386719e+02, 2.818568420410156e+02, 2.81814697265625e+02, 2.817529602050781e+02, 2.81686279296875e+02, 2.816227416992188e+02, 2.815597534179688e+02, 2.814944152832031e+02, 2.814254150390625e+02, 2.813283386230469e+02, 2.811694946289062e+02, 2.809638061523438e+02, 2.807618408203125e+02, 2.806151733398438e+02, 2.8053759765625e+02, 2.805192565917969e+02, 2.805450134277344e+02, 2.806119995117188e+02, 2.807483520507812e+02, 2.809468078613281e+02, 2.811576232910156e+02, 2.8130615234375e+02, 2.813448486328125e+02, 2.814789428710938e+02, 2.824035949707031e+02, 2.846993408203125e+02, 2.880381469726562e+02, 2.91734619140625e+02, 2.955212707519531e+02, 2.994076232910156e+02, 3.033349304199219e+02, 3.0717529296875e+02, 3.108234558105469e+02, 3.142276000976562e+02, 3.172956237792969e+02, 3.198856506347656e+02, 3.218401489257812e+02, 3.231070556640625e+02, 3.236630249023438e+02, 3.240161743164062e+02, 3.244610900878906e+02, 3.249662170410156e+02, 3.254342956542969e+02, 3.258266906738281e+02, 3.261391906738281e+02, 3.263711547851562e+02, 3.265102844238281e+02, 3.265318908691406e+02, 3.26447265625e+02, 3.264899291992188e+02, 3.267007141113281e+02, 3.269530639648438e+02, 3.266858825683594e+02, 3.253272705078125e+02, 3.226389770507812e+02, 3.189161376953125e+02, 3.145728454589844e+02, 3.090535278320312e+02, 3.018313598632812e+02, 2.940621337890624e+02, 2.879278869628907e+02, 2.849770202636719e+02, 2.839773254394531e+02, 2.837079467773438e+02, 2.836505126953125e+02, 2.8365380859375e+02, 2.836611328125e+02, 2.83642578125e+02, 2.835991516113281e+02, 2.835438537597656e+02, 2.834874267578125e+02, 2.834397583007812e+02, 2.834163208007812e+02, 2.834180297851562e+02, 2.834280395507812e+02, 2.834183654785156e+02, 2.833340148925781e+02, 2.831577453613281e+02, 2.82937255859375e+02, 2.827530517578125e+02, 2.826820068359375e+02, 2.82729736328125e+02, 2.828274230957031e+02, 2.828741149902344e+02, 2.828099975585938e+02, 2.826663818359375e+02, 2.8248828125e+02, 2.823069458007812e+02, 2.821416015625e+02, 2.819957580566406e+02, 2.81867431640625e+02, 2.817552490234375e+02]
solCol1.vol[9].T=[2.931499938964844e+02, 2.838938903808594e+02, 2.826271667480469e+02, 2.826260986328125e+02, 2.826260986328125e+02, 2.826260986328125e+02, 2.826260986328125e+02, 2.826260986328125e+02, 2.826260986328125e+02, 2.826247253417969e+02, 2.82611328125e+02, 2.825863647460938e+02, 2.825570373535156e+02, 2.825302124023438e+02, 2.825052490234375e+02, 2.824789123535156e+02, 2.824512023925781e+02, 2.824216613769531e+02, 2.823689270019531e+02, 2.822837524414062e+02, 2.821906127929688e+02, 2.82115966796875e+02, 2.820762329101562e+02, 2.820633850097656e+02, 2.820704650878906e+02, 2.820914916992188e+02, 2.821317749023438e+02, 2.822107238769531e+02, 2.823061218261719e+02, 2.823884582519531e+02, 2.82421630859375e+02, 2.824073791503906e+02, 2.825317687988281e+02, 2.832391662597656e+02, 2.846024169921875e+02, 2.861839294433594e+02, 2.877175903320312e+02, 2.892969055175781e+02, 2.909236450195312e+02, 2.925369262695312e+02, 2.940722045898438e+02, 2.9550927734375e+02, 2.968336181640625e+02, 2.979868774414062e+02, 2.988980407714844e+02, 2.995068054199219e+02, 2.998369750976562e+02, 2.998821105957031e+02, 3.000364379882812e+02, 3.002651672363281e+02, 3.004732360839844e+02, 3.006454467773438e+02, 3.007839660644531e+02, 3.008903503417969e+02, 3.00962890625e+02, 3.009919738769531e+02, 3.009646606445312e+02, 3.009082336425781e+02, 3.009962158203125e+02, 3.011171569824219e+02, 3.012034606933594e+02, 3.008707275390625e+02, 2.999436645507812e+02, 2.984641723632812e+02, 2.967050170898438e+02, 2.947916870117188e+02, 2.920583801269531e+02, 2.886175537109375e+02, 2.854933471679688e+02, 2.837374267578125e+02, 2.834642639160156e+02, 2.833681030273438e+02, 2.833490295410156e+02, 2.833530883789062e+02, 2.83361328125e+02, 2.833605651855469e+02, 2.8334326171875e+02, 2.833199768066406e+02, 2.832956237792969e+02, 2.832732238769531e+02, 2.832575073242188e+02, 2.832564697265625e+02, 2.832632446289062e+02, 2.832669372558594e+02, 2.832532653808594e+02, 2.831903991699219e+02, 2.830936279296875e+02, 2.829992980957031e+02, 2.829443664550781e+02, 2.829544677734375e+02, 2.830033874511719e+02, 2.830461730957031e+02, 2.830382385253906e+02, 2.829785461425781e+02, 2.829041442871094e+02, 2.828262939453125e+02, 2.827540283203125e+02, 2.826921691894531e+02, 2.826374816894531e+02, 2.825893249511719e+02, 2.825476379394531e+02]
solCol1.vol[18].T=[2.931499938964844e+02, 2.896304321289062e+02, 2.827652893066406e+02, 2.822021484375e+02, 2.822002258300781e+02, 2.822002258300781e+02, 2.822002258300781e+02, 2.822002258300781e+02, 2.822002258300781e+02, 2.821988220214844e+02, 2.821823425292969e+02, 2.821436767578125e+02, 2.820927429199219e+02, 2.820422668457031e+02, 2.819962768554688e+02, 2.819493713378906e+02, 2.818999328613281e+02, 2.818475952148438e+02, 2.817680358886719e+02, 2.816320495605469e+02, 2.814666137695312e+02, 2.813187255859375e+02, 2.812256774902344e+02, 2.811866149902344e+02, 2.811877746582031e+02, 2.812178039550781e+02, 2.812777709960938e+02, 2.8139794921875e+02, 2.815625305175781e+02, 2.817212219238281e+02, 2.81813720703125e+02, 2.818112487792969e+02, 2.819373779296875e+02, 2.828439025878906e+02, 2.849377746582031e+02, 2.876928100585938e+02, 2.905110778808594e+02, 2.933353881835938e+02, 2.962617797851562e+02, 2.99196044921875e+02, 3.020308532714844e+02, 3.046936340332031e+02, 3.071657104492188e+02, 3.093625793457031e+02, 3.111650695800781e+02, 3.124520568847656e+02, 3.132153625488281e+02, 3.134492492675781e+02, 3.136664123535156e+02, 3.140391845703125e+02, 3.144316101074219e+02, 3.147652587890625e+02, 3.1503662109375e+02, 3.152488098144531e+02, 3.154010314941406e+02, 3.154806518554688e+02, 3.154657897949219e+02, 3.1537451171875e+02, 3.1544287109375e+02, 3.156528625488281e+02, 3.158434143066406e+02, 3.155023803710938e+02, 3.141876525878906e+02, 3.118294067382812e+02, 3.087947998046875e+02, 3.054185180664062e+02, 3.010140991210938e+02, 2.951454467773438e+02, 2.892392883300781e+02, 2.851582946777344e+02, 2.838655090332031e+02, 2.835987243652344e+02, 2.835201416015625e+02, 2.835151672363281e+02, 2.835282592773438e+02, 2.835330200195312e+02, 2.835114440917969e+02, 2.834723205566406e+02, 2.834286804199219e+02, 2.8338671875e+02, 2.833537292480469e+02, 2.833429565429688e+02, 2.8335107421875e+02, 2.833602294921875e+02, 2.8334716796875e+02, 2.832638854980469e+02, 2.831069946289062e+02, 2.829325866699219e+02, 2.828072204589844e+02, 2.827862243652344e+02, 2.828538513183594e+02, 2.829375610351562e+02, 2.829559936523438e+02, 2.828763427734375e+02, 2.827495727539062e+02, 2.826100463867188e+02, 2.824751892089844e+02, 2.823568725585938e+02, 2.822534790039062e+02, 2.821622619628906e+02, 2.820828247070312e+02]
solCol1.vol[27].T=[2.931499938964844e+02, 2.900621337890625e+02, 2.861652221679688e+02, 2.821167907714844e+02, 2.81855712890625e+02, 2.818540344238281e+02, 2.818540344238281e+02, 2.818540344238281e+02, 2.818540344238281e+02, 2.818526306152344e+02, 2.818359069824219e+02, 2.817926330566406e+02, 2.817286071777344e+02, 2.816598510742188e+02, 2.815950927734375e+02, 2.815313720703125e+02, 2.814649963378906e+02, 2.813947448730469e+02, 2.812963562011719e+02, 2.811345825195312e+02, 2.809223022460938e+02, 2.807142944335938e+02, 2.805648803710938e+02, 2.804884948730469e+02, 2.80472900390625e+02, 2.805014953613281e+02, 2.805711669921875e+02, 2.807105712890625e+02, 2.809153137207031e+02, 2.81133056640625e+02, 2.81285400390625e+02, 2.8132275390625e+02, 2.814501342773438e+02, 2.823814392089844e+02, 2.847378845214844e+02, 2.881993103027344e+02, 2.920076293945312e+02, 2.95866943359375e+02, 2.998140869140625e+02, 3.038127136230469e+02, 3.077190856933594e+02, 3.114247741699219e+02, 3.148765563964844e+02, 3.179871215820312e+02, 3.206087341308594e+02, 3.225789794921875e+02, 3.238418579101562e+02, 3.243796997070312e+02, 3.24702392578125e+02, 3.251450500488281e+02, 3.256675720214844e+02, 3.261473083496094e+02, 3.265437927246094e+02, 3.268582458496094e+02, 3.270909729003906e+02, 3.272296142578125e+02, 3.272484436035156e+02, 3.271576538085938e+02, 3.271922302246094e+02, 3.274117736816406e+02, 3.276803588867188e+02, 3.274183959960938e+02, 3.2602490234375e+02, 3.232494201660156e+02, 3.1940576171875e+02, 3.14946044921875e+02, 3.093271789550781e+02, 3.019574890136719e+02, 2.939578857421874e+02, 2.876702575683594e+02, 2.847208557128906e+02, 2.838800964355469e+02, 2.836912841796875e+02, 2.836511535644531e+02, 2.836607360839844e+02, 2.836701354980469e+02, 2.836515197753906e+02, 2.836060485839844e+02, 2.835485534667969e+02, 2.8349072265625e+02, 2.834421997070312e+02, 2.834184875488281e+02, 2.834212341308594e+02, 2.834328308105469e+02, 2.834236450195312e+02, 2.833379516601562e+02, 2.831559448242188e+02, 2.829268798828125e+02, 2.827368774414062e+02, 2.826653747558594e+02, 2.827189331054688e+02, 2.828244018554688e+02, 2.82875e+02, 2.828081359863281e+02, 2.8265625e+02, 2.824716796875e+02, 2.822861022949219e+02, 2.821178894042969e+02, 2.819703979492188e+02, 2.818408203125e+02, 2.817274475097656e+02]
solCol.m_flow=[3.885820135474205e-02, 3.885820135474205e-02]
solCol.m_flow_nominal=[3.885820135474205e-02, 3.885820135474205e-02]
solCol1.m_flow=[3.885820135474205e-02, 3.885820135474205e-02]
solCol1.m_flow_nominal=[3.885820135474205e-02, 3.885820135474205e-02]
