last-generated=2024-07-24
statistics-initialization=
{
  "nonlinear": "2",
  "numerical Jacobians": "0"
}
statistics-simulation=
{
  "linear": " ",
  "nonlinear": "2",
  "number of continuous time states": "6",
  "numerical Jacobians": "0"
}
time=[0e+00, 3e+02]
floMac1.y=[1e+00, 1e+00, 1e+00, 1e+00, 1e+00, 1e+00, 1e+00, 1e+00, 1e+00, 1e+00, 1e+00, 1e+00, 1e+00, 1e+00, 1e+00, 1e+00, 1e+00, 1e+00, 1e+00, 1e+00, 1e+00, 1e+00, 1e+00, 1e+00, 1e+00, 1e+00, 1e+00, 1e+00, 1e+00, 1e+00, 1e+00, 1e+00, 1e+00, 1e+00, 1e+00, 1e+00, 1e+00, 1e+00, 1e+00, 1e+00, 1e+00, 1e+00, 1e+00, 1e+00, 1e+00, 1e+00, 1e+00, 1e+00, 1e+00, 1e+00, 1e+00, 0e+00, 0e+00, 0e+00, 0e+00, 0e+00, 0e+00, 0e+00, 0e+00, 0e+00, 0e+00, 0e+00, 0e+00, 0e+00, 0e+00, 0e+00, 0e+00, 0e+00, 0e+00, 0e+00, 0e+00, 0e+00, 0e+00, 0e+00, 0e+00, 0e+00, 0e+00, 0e+00, 0e+00, 0e+00, 0e+00, 0e+00, 0e+00, 0e+00, 0e+00, 0e+00, 0e+00, 0e+00, 0e+00, 0e+00, 0e+00, 0e+00, 0e+00, 0e+00, 0e+00, 0e+00, 0e+00, 0e+00, 0e+00, 0e+00, 0e+00]
floMac1.dp=[0e+00, -1.163496948242188e+03, -2.479837158203125e+03, -3.25023828125e+03, -3.639454833984375e+03, -3.825836669921875e+03, -3.913135498046875e+03, -3.9535966796875e+03, -3.9722666015625e+03, -3.980851806640625e+03, -3.984810791015625e+03, -3.9866337890625e+03, -3.987443115234375e+03, -3.987812744140625e+03, -3.9880087890625e+03, -3.988114013671875e+03, -3.98815576171875e+03, -3.988174072265625e+03, -3.988180908203125e+03, -3.988185791015625e+03, -3.988189453125e+03, -3.988192626953125e+03, -3.988195556640625e+03, -3.988197265625e+03, -3.988199951171875e+03, -3.988201416015625e+03, -3.988201416015625e+03, -3.98820263671875e+03, -3.9882021484375e+03, -3.988201171875e+03, -3.988200439453125e+03, -3.988199462890625e+03, -3.98819873046875e+03, -3.9881982421875e+03, -3.988197998046875e+03, -3.98819775390625e+03, -3.988197509765625e+03, -3.988197509765625e+03, -3.988197509765625e+03, -3.988197265625e+03, -3.988197265625e+03, -3.988197509765625e+03, -3.988197509765625e+03, -3.988197509765625e+03, -3.98819775390625e+03, -3.98819775390625e+03, -3.988197998046875e+03, -3.988197998046875e+03, -3.988197998046875e+03, -3.988197998046875e+03, -3.988197998046875e+03, -2.81905419921875e+03, -1.458621826171875e+03, -7.540640869140625e+02, -4.112962341308594e+02, -2.041947784423828e+02, -9.961590576171812e+01, -4.310867309570356e+01, -1.419235420227051e+01, -4.20810079574585e+00, -1.387288808822632e+00, -6.493496894836426e-01, -4.624236822128296e-01, -4.15915459394455e-01, -4.04506653547287e-01, -4.017435014247894e-01, -4.010619819164276e-01, -4.008919596672058e-01, -4.0085169672966e-01, -4.008426070213318e-01, -4.008400440216064e-01, -4.008388221263885e-01, -4.00838315486908e-01, -4.00838166475296e-01, -4.00838166475296e-01, -4.00838166475296e-01, -4.00838166475296e-01, -4.00838166475296e-01, -4.00838166475296e-01, -4.00838166475296e-01, -4.00838166475296e-01, -4.008381962776184e-01, -4.00838166475296e-01, -4.008381962776184e-01, -4.008381962776184e-01, -4.008381962776184e-01, -4.00838166475296e-01, -4.00838166475296e-01, -4.00838166475296e-01, -4.00838166475296e-01, -4.00838166475296e-01, -4.00838166475296e-01, -4.00838166475296e-01, -4.00838166475296e-01, -4.00838166475296e-01, -4.00838166475296e-01, -4.00838166475296e-01, -4.00838166475296e-01, -4.00838166475296e-01, -4.00838166475296e-01, -4.00838166475296e-01]
floMac2.dp=[0e+00, -1.163496948242188e+03, -2.479837158203125e+03, -3.25023828125e+03, -3.639454833984375e+03, -3.825836669921875e+03, -3.913135498046875e+03, -3.9535966796875e+03, -3.9722666015625e+03, -3.980851806640625e+03, -3.984810791015625e+03, -3.9866337890625e+03, -3.987443115234375e+03, -3.987812744140625e+03, -3.9880087890625e+03, -3.988114013671875e+03, -3.98815576171875e+03, -3.988174072265625e+03, -3.988180908203125e+03, -3.988185791015625e+03, -3.988189453125e+03, -3.988192626953125e+03, -3.988195556640625e+03, -3.988197265625e+03, -3.988199951171875e+03, -3.988201416015625e+03, -3.988201416015625e+03, -3.98820263671875e+03, -3.9882021484375e+03, -3.988201171875e+03, -3.988200439453125e+03, -3.988199462890625e+03, -3.98819873046875e+03, -3.9881982421875e+03, -3.988197998046875e+03, -3.98819775390625e+03, -3.988197509765625e+03, -3.988197509765625e+03, -3.988197509765625e+03, -3.988197265625e+03, -3.988197265625e+03, -3.988197509765625e+03, -3.988197509765625e+03, -3.988197509765625e+03, -3.98819775390625e+03, -3.98819775390625e+03, -3.988197998046875e+03, -3.988197998046875e+03, -3.988197998046875e+03, -3.988197998046875e+03, -3.988197998046875e+03, -3.8120390625e+03, -3.567869140625e+03, -3.3811845703125e+03, -3.2649794921875e+03, -3.22077392578125e+03, -3.20295361328125e+03, -3.194193359375e+03, -3.189917724609375e+03, -3.18847216796875e+03, -3.18806640625e+03, -3.18796044921875e+03, -3.18793359375e+03, -3.187927001953125e+03, -3.18792529296875e+03, -3.187925048828125e+03, -3.1879248046875e+03, -3.1879248046875e+03, -3.1879248046875e+03, -3.1879248046875e+03, -3.1879248046875e+03, -3.1879248046875e+03, -3.1879248046875e+03, -3.1879248046875e+03, -3.1879248046875e+03, -3.1879248046875e+03, -3.1879248046875e+03, -3.1879248046875e+03, -3.1879248046875e+03, -3.1879248046875e+03, -3.1879248046875e+03, -3.1879248046875e+03, -3.1879248046875e+03, -3.1879248046875e+03, -3.1879248046875e+03, -3.1879248046875e+03, -3.1879248046875e+03, -3.1879248046875e+03, -3.1879248046875e+03, -3.1879248046875e+03, -3.1879248046875e+03, -3.1879248046875e+03, -3.1879248046875e+03, -3.1879248046875e+03, -3.1879248046875e+03, -3.1879248046875e+03, -3.1879248046875e+03, -3.1879248046875e+03, -3.1879248046875e+03, -3.1879248046875e+03, -3.1879248046875e+03]
floMac1.m_flow=[-0e+00, 2.696637809276581e-01, 3.936874568462372e-01, 4.507104158401489e-01, 4.769338965415955e-01, 4.889936447143555e-01, 4.945411682128906e-01, 4.970913231372833e-01, 4.982636570930481e-01, 4.988017976284027e-01, 4.990497827529907e-01, 4.991639256477356e-01, 4.992145895957947e-01, 4.992377161979675e-01, 4.992499947547913e-01, 4.992565810680389e-01, 4.992591738700867e-01, 4.992603361606598e-01, 4.992607533931732e-01, 4.992610514163971e-01, 4.992612898349762e-01, 4.992614984512329e-01, 4.992616772651672e-01, 4.992617964744568e-01, 4.992619454860687e-01, 4.992620646953583e-01, 4.992620348930359e-01, 4.992621243000031e-01, 4.992620944976807e-01, 4.992620348930359e-01, 4.992619752883911e-01, 4.992619156837463e-01, 4.99261885881424e-01, 4.992618560791016e-01, 4.992618262767792e-01, 4.992618262767792e-01, 4.992617964744568e-01, 4.992617964744568e-01, 4.992617964744568e-01, 4.992617964744568e-01, 4.992617964744568e-01, 4.992617964744568e-01, 4.992617964744568e-01, 4.992617964744568e-01, 4.992617964744568e-01, 4.992618262767792e-01, 4.992618262767792e-01, 4.992618262767792e-01, 4.992618262767792e-01, 4.992618262767792e-01, 4.992618262767792e-01, 3.84070485830307e-01, 2.014313787221909e-01, 3.264695033431053e-02, -9.575039893388748e-02, -1.527266353368759e-01, -1.775592714548112e-01, -1.902440190315246e-01, -1.96560725569725e-01, -1.987159848213196e-01, -1.993225514888763e-01, -1.994810700416565e-01, -1.995212137699127e-01, -1.995311975479126e-01, -1.995336413383484e-01, -1.995342373847961e-01, -1.995343863964081e-01, -1.995344161987305e-01, -1.995344310998917e-01, -1.995344310998917e-01, -1.995344310998917e-01, -1.995344310998917e-01, -1.995344310998917e-01, -1.995344310998917e-01, -1.995344310998917e-01, -1.995344310998917e-01, -1.995344310998917e-01, -1.995344310998917e-01, -1.995344310998917e-01, -1.995344310998917e-01, -1.995344310998917e-01, -1.995344310998917e-01, -1.995344310998917e-01, -1.995344310998917e-01, -1.995344310998917e-01, -1.995344310998917e-01, -1.995344310998917e-01, -1.995344310998917e-01, -1.995344310998917e-01, -1.995344310998917e-01, -1.995344310998917e-01, -1.995344310998917e-01, -1.995344310998917e-01, -1.995344310998917e-01, -1.995344310998917e-01, -1.995344310998917e-01, -1.995344310998917e-01, -1.995344310998917e-01, -1.995344310998917e-01, -1.995344310998917e-01, -1.995344310998917e-01]
floMac2.m_flow=[0e+00, 2.696637809276581e-01, 3.936874568462372e-01, 4.507104158401489e-01, 4.769338965415955e-01, 4.889936447143555e-01, 4.945411682128906e-01, 4.970913231372833e-01, 4.982636570930481e-01, 4.988017976284027e-01, 4.990497827529907e-01, 4.991639256477356e-01, 4.992145895957947e-01, 4.992377161979675e-01, 4.992499947547913e-01, 4.992565810680389e-01, 4.992591738700867e-01, 4.992603361606598e-01, 4.992607533931732e-01, 4.992610514163971e-01, 4.992612898349762e-01, 4.992614984512329e-01, 4.992616772651672e-01, 4.992617964744568e-01, 4.992619454860687e-01, 4.992620646953583e-01, 4.992620348930359e-01, 4.992621243000031e-01, 4.992620944976807e-01, 4.992620348930359e-01, 4.992619752883911e-01, 4.992619156837463e-01, 4.99261885881424e-01, 4.992618560791016e-01, 4.992618262767792e-01, 4.992618262767792e-01, 4.992617964744568e-01, 4.992617964744568e-01, 4.992617964744568e-01, 4.992617964744568e-01, 4.992617964744568e-01, 4.992617964744568e-01, 4.992617964744568e-01, 4.992617964744568e-01, 4.992617964744568e-01, 4.992618262767792e-01, 4.992618262767792e-01, 4.992618262767792e-01, 4.992618262767792e-01, 4.992618262767792e-01, 4.992618262767792e-01, 5.211844444274902e-01, 5.515709519386292e-01, 5.748034715652466e-01, 5.892650485038757e-01, 5.947663187980652e-01, 5.969840288162231e-01, 5.980742573738098e-01, 5.986063480377197e-01, 5.987862348556519e-01, 5.988367199897766e-01, 5.98849892616272e-01, 5.988532304763794e-01, 5.988540649414062e-01, 5.988542437553406e-01, 5.988543033599854e-01, 5.988543033599854e-01, 5.988543033599854e-01, 5.988543033599854e-01, 5.988543033599854e-01, 5.988543033599854e-01, 5.988543033599854e-01, 5.988543033599854e-01, 5.988543033599854e-01, 5.988543033599854e-01, 5.988543033599854e-01, 5.988543033599854e-01, 5.988543033599854e-01, 5.988543033599854e-01, 5.988543033599854e-01, 5.988543033599854e-01, 5.988543033599854e-01, 5.988543033599854e-01, 5.988543033599854e-01, 5.988543033599854e-01, 5.988543033599854e-01, 5.988543033599854e-01, 5.988543033599854e-01, 5.988543033599854e-01, 5.988543033599854e-01, 5.988543033599854e-01, 5.988543033599854e-01, 5.988543033599854e-01, 5.988543033599854e-01, 5.988543033599854e-01, 5.988543033599854e-01, 5.988543033599854e-01, 5.988543033599854e-01, 5.988543033599854e-01, 5.988543033599854e-01, 5.988543033599854e-01]
