last-generated=2024-07-24
statistics-initialization=
{
  "nonlinear": "7",
  "numerical Jacobians": "0"
}
statistics-simulation=
{
  "linear": "0, 0, 0, 0, 0, 0, 0, 0, 0, 4, 0, 0",
  "nonlinear": "1",
  "number of continuous time states": "28",
  "numerical Jacobians": "0"
}
time=[1e+07, 1.1e+07]
zone.TSensor=[2.931499938964844e+02, 2.935254516601562e+02, 2.93386962890625e+02, 2.93177001953125e+02, 2.929613647460938e+02, 2.927728576660156e+02, 2.929766540527344e+02, 2.935734558105469e+02, 2.936395874023438e+02, 2.934591369628906e+02, 2.932908020019531e+02, 2.930546569824219e+02, 2.927979431152344e+02, 2.925217590332031e+02, 2.923463745117188e+02, 2.925371398925781e+02, 2.928590087890625e+02, 2.929893798828125e+02, 2.929284973144531e+02, 2.927744445800781e+02, 2.924960021972656e+02, 2.92177490234375e+02, 2.919148559570312e+02, 2.921443176269531e+02, 2.929597778320312e+02, 2.931854248046875e+02, 2.932451477050781e+02, 2.931670837402344e+02, 2.929883728027344e+02, 2.927773742675781e+02, 2.92581298828125e+02, 2.924585876464844e+02, 2.925148010253906e+02, 2.927417602539062e+02, 2.930251159667969e+02, 2.930316467285156e+02, 2.928705749511719e+02, 2.925781555175781e+02, 2.922578125e+02, 2.919800109863281e+02, 2.919832153320312e+02, 2.925128173828125e+02, 2.930201721191406e+02, 2.929519653320312e+02, 2.927247924804688e+02, 2.924658203125e+02, 2.921588439941406e+02, 2.918325805664062e+02, 2.91586181640625e+02, 2.918406677246094e+02, 2.925555419921875e+02, 2.930037536621094e+02, 2.929720764160156e+02, 2.928944091796875e+02, 2.926669616699219e+02, 2.923056640625e+02, 2.91930908203125e+02, 2.918555297851562e+02, 2.926719055175781e+02, 2.934754028320312e+02, 2.937819519042969e+02, 2.937677612304688e+02, 2.936705932617188e+02, 2.935114135742188e+02, 2.932922973632812e+02, 2.930614929199219e+02, 2.9323193359375e+02, 2.939585571289062e+02, 2.944671325683594e+02, 2.944834899902344e+02, 2.943462524414062e+02, 2.940560302734375e+02, 2.936692199707031e+02, 2.932801208496094e+02, 2.930362854003906e+02, 2.935484008789062e+02, 2.943511657714844e+02, 2.946247863769531e+02, 2.946927185058594e+02, 2.945902709960938e+02, 2.943302917480469e+02, 2.940290832519531e+02, 2.936909484863281e+02, 2.93705322265625e+02, 2.945191955566406e+02, 2.953066711425781e+02, 2.956058654785156e+02, 2.956358947753906e+02, 2.955954895019531e+02, 2.95374755859375e+02, 2.951165771484375e+02, 2.949106140136719e+02, 2.952802429199219e+02, 2.962810363769531e+02, 2.96989990234375e+02, 2.971644287109375e+02, 2.972486267089844e+02, 2.971141662597656e+02, 2.969366455078125e+02, 2.967529602050781e+02, 2.967209777832031e+02]
