last-generated=2024-07-24
statistics-initialization=
{
  "nonlinear": "7, 7, 5, 5, 0, 0, 2",
  "numerical Jacobians": "0"
}
statistics-simulation=
{
  "linear": "0, 0, 0, 0, 0, 0, 0, 0, 0, 0, 0, 0, 0, 0, 0, 0, 0, 0, 0, 0, 4, 0, 0, 0, 0, 0, 0,   0, 0, 0, 4, 0, 0, 0, 0",
  "nonlinear": "0, 0, 0, 2, 2, 1",
  "number of continuous time states": "105",
  "numerical Jacobians": "0"
}
time=[1e+07, 1.1e+07]
rectangularZoneTemplate.ppm=[4e+02, 4.619300231933594e+02, 4.167406005859375e+02, 4.045255737304688e+02, 4.012236633300781e+02, 4.003312377929688e+02, 4.000901184082031e+02, 4.000249633789062e+02, 4.000073852539062e+02, 4.000026245117188e+02, 4.000013427734375e+02, 4.000010070800781e+02, 4.000009155273438e+02, 4.000008850097656e+02, 4.000008850097656e+02, 4.000008850097656e+02, 4.000008850097656e+02, 4.000008850097656e+02, 4.000008850097656e+02, 4.000008850097656e+02, 4.000008850097656e+02, 4.000008850097656e+02, 4.000008850097656e+02, 1.001765258789062e+03, 9.999999389648438e+02, 1e+03, 1e+03, 5.516890258789062e+02, 4.40967529296875e+02, 4.111664428710938e+02, 4.030474243164062e+02, 4.008275756835938e+02, 9.999851684570312e+02, 1e+03, 1e+03, 7.5078515625e+02, 4.94696533203125e+02, 4.255568542480469e+02, 4.068977966308594e+02, 4.018634948730469e+02, 1.0417939453125e+03, 9.99998779296875e+02, 1e+03, 1e+03, 6.189042358398438e+02, 4.591730041503906e+02, 4.160367431640625e+02, 4.043285522460938e+02, 4.011687927246094e+02, 9.99781005859375e+02, 1e+03, 1e+03, 9.062034912109375e+02, 5.367469482421875e+02, 4.369402160644531e+02, 4.09981689453125e+02, 4.026963195800781e+02, 5.071149597167969e+02, 9.999786987304688e+02, 1e+03, 1e+03, 7.159320678710938e+02, 4.853035583496094e+02, 4.230480041503906e+02, 4.062299194335938e+02, 4.016819152832031e+02, 4.004547119140625e+02, 4.001234130859375e+02, 4.000340576171875e+02, 4.000098571777344e+02, 4.000032958984375e+02, 4.000015258789062e+02, 4.000010375976562e+02, 4.000009155273438e+02, 4.000008850097656e+02, 4.000008850097656e+02, 4.000008850097656e+02, 4.000008850097656e+02, 4.000008850097656e+02, 4.000008850097656e+02, 4.000008850097656e+02, 4.000008850097656e+02, 4.000008850097656e+02, 7.031448364257812e+02, 1.000003112792969e+03, 1e+03, 1e+03, 6.84501708984375e+02, 4.768722229003906e+02, 4.207871704101562e+02, 4.056570434570312e+02, 4.01541259765625e+02, 9.938397827148438e+02, 1.000000549316406e+03, 1e+03, 1e+03, 5.774949951171875e+02, 4.479986877441406e+02, 4.129501953125e+02, 4.035006408691406e+02, 4.0094921875e+02]
rectangularZoneTemplate1.ppm=[4e+02, 1.000659484863281e+03, 9.999998779296875e+02, 1e+03, 1e+03, 1e+03, 1e+03, 1e+03, 1e+03, 1e+03, 1e+03, 1e+03, 1e+03, 1e+03, 1e+03, 1e+03, 1e+03, 1e+03, 1e+03, 1e+03, 1e+03, 1e+03, 1e+03, 1.000077819824219e+03, 1e+03, 1e+03, 1e+03, 1.000000061035156e+03, 1e+03, 1e+03, 1e+03, 1e+03, 1.000000183105469e+03, 1e+03, 1e+03, 9.999806518554688e+02, 1e+03, 1e+03, 1e+03, 1e+03, 1.0002666015625e+03, 9.999996948242188e+02, 1e+03, 1e+03, 1.000000854492188e+03, 1e+03, 1e+03, 1e+03, 1e+03, 1.000016174316406e+03, 1e+03, 1e+03, 9.996973876953125e+02, 1e+03, 1e+03, 1e+03, 1e+03, 1e+03, 9.999970703125e+02, 1e+03, 1e+03, 1.000004028320312e+03, 1e+03, 1e+03, 1e+03, 1e+03, 1e+03, 1e+03, 1e+03, 1e+03, 1e+03, 1e+03, 1e+03, 1e+03, 1e+03, 1e+03, 1e+03, 1e+03, 1e+03, 1e+03, 1e+03, 1e+03, 1e+03, 1.000000061035156e+03, 9.999996948242188e+02, 1e+03, 1e+03, 1.000003662109375e+03, 1e+03, 1e+03, 1e+03, 1e+03, 9.997796630859375e+02, 1.000000122070312e+03, 1e+03, 1e+03, 1.000000061035156e+03, 1e+03, 1e+03, 1e+03, 1e+03]
conPID1.y=[1.000000014901161e-01, 2.541919350624084e-01, 2.51106858253479e-01, 2.511083483695984e-01, 2.511083483695984e-01, 2.511083483695984e-01, 2.511083483695984e-01, 2.511083483695984e-01, 2.511083483695984e-01, 2.511083483695984e-01, 2.511083483695984e-01, 2.511083483695984e-01, 2.511083483695984e-01, 2.511083483695984e-01, 2.511083483695984e-01, 2.511083781719208e-01, 2.511083483695984e-01, 2.511083483695984e-01, 2.511083483695984e-01, 2.511083483695984e-01, 2.511083483695984e-01, 2.511083483695984e-01, 2.511083483695984e-01, 2.54420667886734e-01, 2.545689046382904e-01, 2.545689642429352e-01, 2.545689642429352e-01, 2.511076629161835e-01, 2.511083483695984e-01, 2.511083483695984e-01, 2.511083483695984e-01, 2.511083781719208e-01, 2.545952498912811e-01, 2.545689642429352e-01, 2.545689642429352e-01, 2.51039057970047e-01, 2.511083781719208e-01, 2.511083483695984e-01, 2.511083483695984e-01, 2.511083483695984e-01, 2.534423172473907e-01, 2.545680999755859e-01, 2.545689642429352e-01, 2.545689642429352e-01, 2.511082291603088e-01, 2.511083483695984e-01, 2.511083781719208e-01, 2.511084079742432e-01, 2.511083483695984e-01, 2.54909873008728e-01, 2.545689344406128e-01, 2.545689642429352e-01, 2.505775988101959e-01, 2.511085271835327e-01, 2.511083483695984e-01, 2.511083483695984e-01, 2.511083781719208e-01, 2.511083781719208e-01, 2.545665204524994e-01, 2.545689940452576e-01, 2.545689642429352e-01, 2.510764300823212e-01, 2.511084377765656e-01, 2.511083483695984e-01, 2.511083483695984e-01, 2.511083781719208e-01, 2.511083483695984e-01, 2.511083483695984e-01, 2.511083483695984e-01, 2.511083483695984e-01, 2.511083483695984e-01, 2.511083483695984e-01, 2.511083483695984e-01, 2.511083483695984e-01, 2.511083483695984e-01, 2.511083483695984e-01, 2.511083483695984e-01, 2.511083483695984e-01, 2.511083483695984e-01, 2.511083483695984e-01, 2.511083483695984e-01, 2.511083781719208e-01, 2.511083781719208e-01, 2.511082589626312e-01, 2.545594871044159e-01, 2.545689642429352e-01, 2.545689642429352e-01, 2.511334419250488e-01, 2.511083781719208e-01, 2.511083483695984e-01, 2.511083483695984e-01, 2.511083483695984e-01, 2.54333883523941e-01, 2.545692324638367e-01, 2.545689642429352e-01, 2.545689642429352e-01, 2.511134743690491e-01, 2.511083483695984e-01, 2.511083483695984e-01, 2.511083483695984e-01, 2.511083483695984e-01]
conPID.y=[1.000000014901161e-01, 1.000000014901161e-01, 1.000000014901161e-01, 1.000000014901161e-01, 1.000000014901161e-01, 1.000000014901161e-01, 1.000000014901161e-01, 1.000000014901161e-01, 1.000000014901161e-01, 1.000000014901161e-01, 1.000000014901161e-01, 1.000000014901161e-01, 1.000000014901161e-01, 1.000000014901161e-01, 1.000000014901161e-01, 1.000000014901161e-01, 1.000000014901161e-01, 1.000000014901161e-01, 1.000000014901161e-01, 1.000000014901161e-01, 1.000000014901161e-01, 1.000000014901161e-01, 1.000000014901161e-01, 6.189701557159424e-01, 6.146652698516846e-01, 6.146655678749084e-01, 6.146655678749084e-01, 1.000000014901161e-01, 1.000000014901161e-01, 1.000000014901161e-01, 1.000000014901161e-01, 1.000000014901161e-01, 6.147937178611755e-01, 6.146655678749084e-01, 6.146655678749084e-01, 1.000000014901161e-01, 1.000000014901161e-01, 1.000000014901161e-01, 1.000000014901161e-01, 1.000000014901161e-01, 6.753193736076355e-01, 6.146583557128906e-01, 6.146655678749084e-01, 6.146655678749084e-01, 1.000000014901161e-01, 1.000000014901161e-01, 1.000000014901161e-01, 1.000000014901161e-01, 1.000000014901161e-01, 6.181730031967163e-01, 6.146655678749084e-01, 6.146655678749084e-01, 1.000000014901161e-01, 1.000000014901161e-01, 1.000000014901161e-01, 1.000000014901161e-01, 1.000000014901161e-01, 1.000000014901161e-01, 6.145812273025513e-01, 6.146656274795532e-01, 6.146655678749084e-01, 1.000000014901161e-01, 1.000000014901161e-01, 1.000000014901161e-01, 1.000000014901161e-01, 1.000000014901161e-01, 1.000000014901161e-01, 1.000000014901161e-01, 1.000000014901161e-01, 1.000000014901161e-01, 1.000000014901161e-01, 1.000000014901161e-01, 1.000000014901161e-01, 1.000000014901161e-01, 1.000000014901161e-01, 1.000000014901161e-01, 1.000000014901161e-01, 1.000000014901161e-01, 1.000000014901161e-01, 1.000000014901161e-01, 1.000000014901161e-01, 1.000000014901161e-01, 1.000000014901161e-01, 1.000000014901161e-01, 6.14619255065918e-01, 6.146655678749084e-01, 6.146655678749084e-01, 1.000000014901161e-01, 1.000000014901161e-01, 1.000000014901161e-01, 1.000000014901161e-01, 1.000000014901161e-01, 5.850414037704468e-01, 6.146682500839233e-01, 6.146655678749084e-01, 6.146655678749084e-01, 1.000000014901161e-01, 1.000000014901161e-01, 1.000000014901161e-01, 1.000000014901161e-01, 1.000000014901161e-01]
